id	logFC	AveExpr	t	P.Value	adj.P.Val	B
ARNTL	-2.32648115858333	4.92273822795833	-8.94195806772155	7.81396263234585e-09	0.000229117468150908	8.93166062411355
ADAMTSL1	1.20316433166667	8.07453356191667	8.61881153766605	1.48866639991255e-08	0.000229117468150908	8.26664976625563
FKBP5	-2.36183499475	8.641115536375	-8.5910928954405	1.57428965815152e-08	0.000229117468150908	8.20897617334671
BMP1	-1.20411657716666	6.74808436908333	-8.39261061585463	2.35656982702398e-08	0.000229117468150908	7.79307273920582
ISM1	-3.49149839683333	3.66543033283333	-8.2924145363234	2.8945464848617e-08	0.000229117468150908	7.58116626024078
CRISPLD1	2.10911123558334	10.0724286967083	8.2888578471024	2.91582246817104e-08	0.000229117468150908	7.57362003195909
ERRFI1	-1.82137744874999	7.58515499945833	-8.26768737499904	3.04584472700214e-08	0.000229117468150908	7.52866840481124
CXCL10	3.20954535933333	2.31242710441667	8.24975958181828	3.16062239443943e-08	0.000229117468150908	7.49055617320869
PER2	1.59716968858334	6.83761488079167	8.07720105298853	4.52220730089114e-08	0.000285719439319536	7.12156846424668
KLHL32	1.971005495	2.26382358116667	8.03620683709253	4.92679184245575e-08	0.000285719439319536	7.03333661407958
TNC	-2.78844349191666	8.95463299245833	-7.9755787447598	5.59474074796519e-08	0.000294959818360678	6.90244408773665
KRT8P23	2.11251494916667	3.1118034355	7.81919171554581	7.78380249983142e-08	0.000348661980746044	6.56259829173329
HMCN1	1.41188322583334	10.60105192625	7.79001120892447	8.28149245326764e-08	0.000348661980746044	6.49883306698666
SLC19A2	-1.66184399025	4.60260483995833	-7.78237884510505	8.41699468978085e-08	0.000348661980746044	6.48213655250766
HIF3A	-1.47481482841666	7.07570373220833	-7.72926633032109	9.42540272867273e-08	0.000364404920295945	6.36573824343749
CX3CR1	3.565448359	3.63794769133333	7.69225869798954	1.02009003106212e-07	0.000369738007321159	6.28441795058706
TIMP4	-2.13972236808332	7.929322920875	-7.57205875312948	1.32043887450385e-07	0.000450448303818244	6.01906819516686
FCER1A	2.64479406783333	1.95447724233333	7.54261109757207	1.40703373408986e-07	0.000453322818561519	5.95377597134414
PGAP2	1.30172240266667	5.07185592183333	7.47867699390904	1.61573550934596e-07	0.000493164996807897	5.81163539442569
GALNT15	-2.11285361583333	8.24500478175	-7.35622966910871	2.10896456947898e-07	0.000601241970165397	5.53794489213668
AFF2	-3.11382175358333	2.96951793645833	-7.34166066617344	2.17717334393346e-07	0.000601241970165397	5.50525347701621
PER3	1.89081644733334	7.07933558666667	7.29433003110996	2.41483168533761e-07	0.000636560608762655	5.39886231590193
COL7A1	-1.45801838058333	4.70444627670833	-7.20562113990445	2.9346957865986e-07	0.000710419809761791	5.19869764229506
THSD7B	1.94745388925	5.208095614625	7.20479820300719	2.94002300868777e-07	0.000710419809761791	5.19683611474743
PLD4	2.09576866908333	2.366854433375	7.10702764923233	3.64924937552692e-07	0.000841944661829198	4.97507121616419
BACH2	1.93225722916667	4.73433283941667	7.08612209743219	3.82245326197516e-07	0.000841944661829198	4.92749842624052
CCL3	2.86984265416667	2.12147685316667	7.07240487481851	3.94066676133327e-07	0.000841944661829198	4.8962540187498
HLA-DPA1	2.231467232	5.33084811991667	7.04970528066111	4.14459822245478e-07	0.000841944661829198	4.84449892113453
OGN	1.47745972066668	9.84418432516667	7.01499089960932	4.47764862308692e-07	0.000865574255328933	4.76522727079624
SLC11A1	-2.22183279091666	4.23092567995833	-6.98319633253478	4.80677829483562e-07	0.000899224173072266	4.6924933041354
CEBPD	-1.57519755616666	4.83921896733333	-6.94758811126942	5.20500066191529e-07	0.000943292510582667	4.6108884457635
CIART	2.02037545483333	5.4816585435	6.84243480403789	6.59043861361923e-07	0.00115817971672612	4.36900687946688
FCN3	-3.00846795583333	2.40047460308333	-6.77111914813594	7.74064958658387e-07	0.00131806901754544	4.20420653455662
VCAM1	2.632941137	6.22620696066667	6.75904798857584	7.95482482611531e-07	0.00131806901754544	4.17625206265023
GSTM2	1.00856676433334	7.3324459115	6.73802832726541	8.34238038171148e-07	0.00134388795965721	4.12753356409402
NFIL3	-1.55539229383333	5.25208439791667	-6.67297904376335	9.66892952710793e-07	0.00148101683146505	3.97643680638818
CPXM2	1.20442204258334	9.65028331154167	6.67136857908974	9.70438494226405e-07	0.00148101683146505	3.97268975369388
MYH10	2.01348587166667	13.2672106016667	6.61001940925973	1.11590833818356e-06	0.00162985719276857	3.82972598266317
ATP6AP1L	1.566750324	4.71263594925	6.60034495192871	1.14080933778066e-06	0.00162985719276857	3.80714179837032
LRRC17	1.5852687445	6.27624943608333	6.5959611122715	1.15227949758611e-06	0.00162985719276857	3.79690457882675
CD83	3.07555506275	3.739586906625	6.57180367063412	1.2176391902291e-06	0.00168129879902277	3.74045237260175
ANTXR1	1.27841133891667	10.411235631375	6.51241553204881	1.39494455735564e-06	0.00184739295374845	3.60139038835069
GAL3ST4	1.25076808616667	5.27867146375	6.51032723789612	1.40163968004641e-06	0.00184739295374845	3.59649325943704
SERPINA3	-3.46898963241666	6.84706373595833	-6.47917879241159	1.50549858779297e-06	0.00194018621337506	3.52339115369352
PHYHIP	-2.47226610049999	4.64278716325	-6.44005083759299	1.64721457176362e-06	0.00206601379952895	3.43140934321019
AP003548.1	1.8504146125	5.75364332183333	6.41847047254974	1.73114375083619e-06	0.00206601379952895	3.38060617839086
COL21A1	1.61920342741667	8.70109390945833	6.41655264555144	1.73881099373637e-06	0.00206601379952895	3.3760888805452
NOV	1.83259996691667	11.7314969482083	6.41485271923388	1.74563613154895e-06	0.00206601379952895	3.37208449543902
C11orf45	1.50071971	3.55952021783333	6.34132470221714	2.06865461760043e-06	0.00238759669639382	3.19858021071146
CCL4L2	2.27535968166667	1.54582883241667	6.32792304112042	2.13381903675936e-06	0.00238759669639382	3.16689362171207
MYO5B	1.52817372808333	6.027963569875	6.32649965121382	2.14086231463243e-06	0.00238759669639382	3.1635270655104
THRB	1.28800405875001	9.009764948375	6.28645563263629	2.34905927296034e-06	0.00257035838522244	3.06872822448838
FDXR	1.29714392433334	5.37311644125	6.2665099412241	2.46037057261477e-06	0.0026155727436911	3.02144646832129
CXCL9	2.74952513075	2.388922982125	6.25934527703045	2.50165799805624e-06	0.0026155727436911	3.00445230003552
HDAC9	1.40915755516667	7.31973593916667	6.25523117524216	2.52568540421605e-06	0.0026155727436911	2.9946914716049
ADRA2C	-1.29117483	4.54014829983333	-6.20713714557512	2.82469869495521e-06	0.00282435778304375	2.88045702730642
HLA-DOA	1.4812525755	2.0162761315	6.19022904656959	2.93821371498058e-06	0.00288806488089608	2.84023996164047
OLFML1	1.22377001508334	7.04584822220833	6.18271558346594	2.99014143897188e-06	0.00289012120783827	2.8223593391983
NHS	1.33417690550001	7.14699588825	6.17067435886547	3.07532433520416e-06	0.0029237259700245	2.79369156968707
ISLR	1.94787383833334	9.03127891025	6.06321149262511	3.95441335548506e-06	0.00345807739114501	2.53720353233058
CFAP61	-1.53472213383333	1.23277460858333	-6.06080850957655	3.97676723399094e-06	0.00345807739114501	2.53145523903076
DMAC1	1.005193221	6.13977624966667	6.05884188493678	3.99515778122731e-06	0.00345807739114501	2.52675036499096
LINC02269	1.96124550941667	3.982439320125	6.04818442521055	4.09633930405895e-06	0.00349351478323957	2.50124740118596
LINC01018	2.14384449575	3.506076477375	6.02769567286965	4.29826619325383e-06	0.00353150165772404	2.45218785882882
DAPL1	2.438844682	2.744891865	6.01413622100336	4.43745857178963e-06	0.00353150165772404	2.41969826734679
SFRP4	1.57030510191667	8.24861486045833	6.01182410519348	4.46164813838042e-06	0.00353150165772404	2.41415650370735
MIR497HG	1.07606117116667	6.313864215	6.0089355792968	4.49205723604017e-06	0.00353150165772404	2.40723246948621
MTTP	2.35397437783333	3.29265354375	5.9995837194288	4.59196733876995e-06	0.00353150165772404	2.3848098950709
BLNK	2.32764245425	2.72672851895833	5.99925818407526	4.59548571415636e-06	0.00353150165772404	2.38402922394005
TXLNB	2.62480841033334	2.84791164041667	5.99841639925168	4.60459644879982e-06	0.00353150165772404	2.38201048118056
C1QTNF7	1.41021136366667	7.69467996458333	5.99625780072449	4.62804348778347e-06	0.00353150165772404	2.37683349174128
CNR1	-2.23495053016666	3.42784392525	-5.97395663903527	4.87752849252297e-06	0.00364746777508357	2.3233228704437
ADAMTS8	2.399431361	5.96979848625	5.96819158514885	4.94422558842344e-06	0.00364746777508357	2.30948235498172
BTN3A1	1.540257722	5.07702525691667	5.96353734835281	4.99874939870165e-06	0.00364746777508357	2.29830640024407
CRELD1	1.19998134441667	8.11207433029167	5.9607583199596	5.03159729634069e-06	0.00364746777508357	2.29163232259061
HLA-DQA1	1.85619446783334	3.874979679	5.92698016837357	5.44890160212718e-06	0.00379723971209983	2.21045449280465
PRKAG3	1.92809593816667	2.46269015183333	5.92342507409393	5.49482657375403e-06	0.00379723971209983	2.20190461082461
AC008746.4	1.14057355483333	2.1065298865	5.92301768240939	5.50011442443718e-06	0.00379723971209983	2.2009247744265
AC245884.8	1.14057355483333	2.1065298865	5.92301768240939	5.50011442443718e-06	0.00379723971209983	2.2009247744265
HLA-DPB1	1.60931205016667	5.232633621	5.86362111908506	6.32934120963301e-06	0.00426811028802613	2.05790824799995
CRIP1	2.29750098550001	9.06196439308333	5.85635347841428	6.43919912936552e-06	0.00429228132309534	2.0403875957825
MXRA5	2.77093395766667	5.67580411333333	5.8417243060132	6.66626213510505e-06	0.00439314250001304	2.00510597260278
ANGPT1	1.28946487458334	7.41896387204167	5.83259819925222	6.81202550083653e-06	0.00440137593849756	1.98308686334545
CSMD2	-1.519029881	4.09293397708333	-5.83145293484821	6.83054566007588e-06	0.00440137593849756	1.98032310719499
ITGA5	-1.59097048499999	9.87077103325	-5.8061801131959	7.25254859456731e-06	0.00462194561148068	1.91930603749873
VCAN	1.53448203166668	12.4330195841667	5.79610059216107	7.42817673581547e-06	0.00465186232964938	1.89495553507884
HBB	3.39150318800001	6.14749434158333	5.79430467074701	7.45992096731316e-06	0.00465186232964938	1.89061597721936
MAP3K7CL	1.729160452	6.47885432808333	5.78162258069012	7.6880533765101e-06	0.00470096388906996	1.85996401467795
ARRDC2	-1.07334297491666	6.607046469625	-5.78092620060073	7.7007840508621e-06	0.00470096388906996	1.85828050949853
SAMD9L	1.34547456533334	4.97605872391667	5.77640350385377	7.78398840951915e-06	0.00470225874826296	1.84734586430461
CCL4	2.21563623925	2.241291797875	5.74868533155569	8.3143035647571e-06	0.00497083924361813	1.78029386932189
SCG2	3.04003745391667	5.623925724625	5.73092636460677	8.67326642213928e-06	0.00513253815937881	1.73730071145766
RAB38	2.09398977558333	2.50126248045833	5.71806076111201	8.94313849896963e-06	0.00523878213101763	1.70613808403366
SSPN	1.203206971	7.50129712425	5.69523226008789	9.44321115987082e-06	0.00547640144794388	1.65081108788561
ALDH1L1	-1.27508559508333	7.43455598795833	-5.69005983735441	9.56041556450206e-06	0.00548947702804127	1.63826950437619
SLC24A4	1.87018812608334	5.601443188625	5.68054749893664	9.77983795160833e-06	0.00553960196391087	1.61519943562008
POU6F2	2.52242181941667	3.00255617320833	5.67351563729694	9.94533041797906e-06	0.00553960196391087	1.59814067066107
DYNLL1	1.11838627783334	8.80458075858333	5.67324596685574	9.95173343304196e-06	0.00553960196391087	1.5974863939718
IL32	1.709916896	5.48651766958333	5.66997221097839	1.00298002553867e-05	0.00553960196391087	1.58954312997798
TENM4	1.92564431325	4.707359183875	5.65832774991646	1.0312560436098e-05	0.0055893113772956	1.56128292667008
BST1	1.56714845941667	5.00788462029167	5.64921780490537	1.05394184428256e-05	0.00565304940419701	1.53916653350733
C2orf40	1.75072352783334	7.52409212975	5.63614694656055	1.08738084831323e-05	0.00570453695345006	1.50742310924416
WIPF3	1.865367161	3.82452256533333	5.63442640455761	1.09186212445115e-05	0.00570453695345006	1.50324369827306
CHCHD6	1.11849134125	5.79658838145833	5.6210184386913	1.12743373888453e-05	0.00583779150170809	1.47066645413498
NXNL2	1.45868060441667	2.443396026625	5.60127435635519	1.18197248672482e-05	0.00606126702356558	1.4226700136058
LINC01759	1.66427783625	2.027126418375	5.59792175101285	1.191496285218e-05	0.00606126702356558	1.41451721599197
MDGA1	1.52789958175	4.566728833625	5.58520816473559	1.22832626287929e-05	0.00611700179732813	1.38359311514165
CCDC144NL-AS1	2.67617517291667	3.321946660375	5.58325168379432	1.23409585689202e-05	0.00611700179732813	1.37883319350875
CD1C	2.41902009933333	2.14524494058333	5.57464960552656	1.25979165172309e-05	0.00613965598693084	1.35790192187314
GALM	1.15654186966667	6.56576308758333	5.57463355951639	1.25984008836372e-05	0.00613965598693084	1.35786287244735
STK17B	-1.15368038533333	5.62395500458333	-5.54197710294065	1.36244561191369e-05	0.0065114015493566	1.27835245913094
CRIM1	1.34664161341667	9.344664617625	5.53973174294084	1.36980495753195e-05	0.0065114015493566	1.27288280219992
HLA-DRA	2.054004723	6.3742228535	5.49885771125378	1.51106180964632e-05	0.00710360522332391	1.1732537329966
AL365203.3	-1.17114370074999	3.598687127625	-5.46305159416222	1.64692621573774e-05	0.00752048756136054	1.08588536407888
PGAM2	3.0878733265	3.15465979416667	5.4532475832937	1.68624582262318e-05	0.00760241408756299	1.06194859264981
ANKRD6	1.38705664966667	6.9028293525	5.4520568340353	1.69108585052614e-05	0.00760241408756299	1.05904092409045
IFIT2	1.37279041583334	5.74087809025	5.43855644966843	1.74695706104733e-05	0.00779317544933216	1.02606827158624
ADPRHL1	-2.04258310383333	5.09949296716667	-5.43035036808321	1.78182969189792e-05	0.00782830676683605	1.00602053046209
CPM	-1.47260869041666	4.78762872379167	-5.3999278082654	1.91739429714372e-05	0.00833139747673155	0.931660753305865
GRIA2	2.25540768133334	7.11441589433333	5.39605308663312	1.93539577637211e-05	0.00833139747673155	0.922185984327209
DCAF12L1	2.06592175983333	1.54712129675	5.3951879066761	1.93943865528384e-05	0.00833139747673155	0.920070256004527
HBA2	3.38659959508334	5.68707625120833	5.3709561740187	2.05621867647011e-05	0.00876810953709787	0.86079540257893
MASP1	3.13972149391667	5.807884223625	5.35942017222475	2.11429543447213e-05	0.00882117518930521	0.832564324867001
SYN2	-1.93563522975	1.05115094820833	-5.3378611763106	2.22732993617833e-05	0.00922639607062786	0.779784395717897
INHBA-AS1	1.87130475158333	1.929386751125	5.27440774526334	2.59687409257196e-05	0.0105315048426941	0.624291970654662
RNF141	1.07281701175	7.911319646625	5.26210342993251	2.67543240049967e-05	0.0107534103904765	0.594115821280109
HAAO	1.26633154225001	7.316387048125	5.26006506993203	2.68867709313037e-05	0.0107534103904765	0.589116035322107
VIM	1.05945540333335	15.2759753108333	5.24930994642138	2.75966863538854e-05	0.0109617440528827	0.562731927457946
EDA2R	1.07210294483334	5.47174502725	5.23435448977822	2.86155292087081e-05	0.0112361700099818	0.526034252122219
CD74	1.73371604358334	10.4413284590417	5.22548472346122	2.92376953404033e-05	0.0112361700099818	0.504264534763779
IFIT3	1.149328057	5.88739125708333	5.2251334831665	2.92626129812673e-05	0.0112361700099818	0.503402382849725
GLUL	-1.0975308585	10.33049756325	-5.22250076492547	2.94500688275695e-05	0.0112361700099818	0.49693994565223
KCNJ5	1.96414555766667	2.17706027908333	5.1947584299307	3.15008642853442e-05	0.0118625300162336	0.428822259189234
CEMIP	2.52396037891667	3.597655215375	5.187373978137	3.20707133290461e-05	0.0119992056651056	0.410684800824983
LTC4S	1.46544088733334	3.016847368	5.17529337289577	3.30255474486741e-05	0.0122772472640446	0.381007599090886
SCGB3A2	2.70681151341667	2.642500175375	5.16633305805352	3.37522988368792e-05	0.0123532994192207	0.358991603995342
HLA-DMA	1.35529926616667	3.5032961305	5.16495228099994	3.38657209783955e-05	0.0123532994192207	0.355598651699864
RASL11B	1.33985726741667	5.91442084729167	5.15500273007481	3.46944974427934e-05	0.0124199875938267	0.331147461947664
TNFRSF10C	1.60402972066667	3.9904382315	5.13236181213598	3.66577489255574e-05	0.0129627611795113	0.275491773870032
HIP1R	-1.14715399599999	6.957269249	-5.11775836311704	3.79833032389442e-05	0.0131902138008149	0.239582833357316
MYOT	-1.73388453258333	3.59627796529167	-5.11487080829406	3.82510931227576e-05	0.0132041407349291	0.232481540121336
CAP2	1.27826450258334	7.666756200625	5.07216977917633	4.24415718647246e-05	0.0142176836081625	0.12743176776598
LGALS3BP	1.06591577500001	10.197598415	5.07075147143864	4.25884573328435e-05	0.0142176836081625	0.123941436434659
SPTY2D1-AS1	1.44422017825	1.41957260845833	5.06547809428615	4.31391099502479e-05	0.0142757076642994	0.110963510018577
ITGA9-AS1	1.22416864425	4.243265235375	5.06371687064538	4.33246176075853e-05	0.0142757076642994	0.106628878788495
CCL3L3	1.70885050691667	1.04009087504167	5.05998682383371	4.372016538607e-05	0.0143246528318325	0.0974483371086414
HLA-DQB1	1.64347388933334	3.8326361065	5.04823206073126	4.49907174189688e-05	0.0145762384093757	0.0685140103599036
ELL2	-1.10549503674999	6.66526737445833	-5.04031286720203	4.58676631000599e-05	0.0146731181409779	0.0490183916563396
CRLF1	-1.57902829458333	3.434123500375	-5.03869628177989	4.60487903998411e-05	0.0146731181409779	0.0450384051103701
GBP4	1.73739479108334	5.069775649875	5.02766322117654	4.73044168734226e-05	0.0149093752594587	0.017873141978896
LAMP5	1.58197551608333	1.124321091375	5.02213710489137	4.79462652107504e-05	0.014949181496597	0.00426549915257368
AC006441.3	1.26991539816667	1.99214697183333	5.01191764591656	4.91565068194145e-05	0.0151746027576223	-0.0209015569177282
OAS3	1.59356852033334	6.26153201825	5.01161694916999	4.91925804568309e-05	0.0151746027576223	-0.0216421175151122
FST	1.93724527175	4.38713243795833	4.97584248739015	5.36808539404956e-05	0.0163848092766903	-0.109766131611835
GALNTL6	2.2100852705	2.54634102058333	4.9711685228832	5.42970248187136e-05	0.0164202848131279	-0.121282145275359
CLDN1	1.7452479775	2.68267997108333	4.97066848802697	5.43633659945261e-05	0.0164202848131279	-0.122514196275754
MMP2	1.03075674608334	10.0422851554583	4.95525537149747	5.64489030707864e-05	0.0167736814308301	-0.160494092604141
ASTN2	1.18036973766667	4.9154757035	4.95350844596745	5.66903171148708e-05	0.0167736814308301	-0.164799105930834
IGSF10	-2.07599649358333	5.83257679220833	-4.94690822246558	5.76118697645112e-05	0.0169598231637223	-0.181064930872168
HS3ST2	-2.28645440891666	3.69375089454167	-4.94001644637076	5.8590270613325e-05	0.0170745003199927	-0.198050342085468
BTD	1.02944186516667	6.22632393825	4.92343846216104	6.10130252053933e-05	0.0176916418536819	-0.238912602788048
DRC3	1.23905165541667	3.41249070829167	4.90448378610531	6.39072473246413e-05	0.0181675146769506	-0.285640046367575
TEF	1.10981185133334	6.97669275366667	4.90082729221726	6.44813007429057e-05	0.0182412881657723	-0.294654913223283
AL391807.1	1.09597090233334	2.24937425125	4.88647113278921	6.67858979159e-05	0.0187344297968165	-0.330051527802874
CAVIN2	1.32578355825001	6.79929363604167	4.88478297881601	6.70622995542562e-05	0.0187344297968165	-0.334214086877264
XG	1.07661472225	5.759381228375	4.88398319327175	6.71936509188666e-05	0.0187344297968165	-0.336186171940534
CKMT2	1.11079750066667	6.30673702825	4.88003652308712	6.78456336731987e-05	0.018825702553157	-0.345917900154458
B3GNT7	1.31664387708334	5.36764831829167	4.8742232336651	6.88176142361198e-05	0.0189608763492179	-0.360252819772606
CORO6	-1.48075753608333	5.14479289354167	-4.86398453221092	7.05637888431362e-05	0.0189608763492179	-0.3855016098451
MFAP4	1.11271211000002	12.7773166858333	4.86391421625216	7.05759341376239e-05	0.0189608763492179	-0.385675015586498
CTSZ	1.20348535066667	3.27483136941667	4.86246102215891	7.08274087922039e-05	0.0189608763492179	-0.389258744839456
GSG1L	1.40373361025	6.71459878070833	4.86211308580671	7.08877529372495e-05	0.0189608763492179	-0.390116797072096
MKX-AS1	1.49864218275	1.16598775804167	4.85720401869068	7.17446988661431e-05	0.0189608763492179	-0.40222332613931
MT1X	-1.81380327783332	7.1774011895	-4.85615456231591	7.19292465785171e-05	0.0189608763492179	-0.404811495067353
TCEA3	1.06302144525001	6.52822258004167	4.84855498214932	7.32799937720005e-05	0.0192295324833467	-0.42355403472906
VWA5A	1.22045226391668	7.94517871220833	4.84081612381505	7.46817736886754e-05	0.0195090995564295	-0.442640864300687
CYS1	1.38684067858334	4.60153858945833	4.83493474467506	7.5765144729013e-05	0.0196046347957804	-0.457146983613356
SLC4A3	1.23653952666667	4.312848177	4.80831915219076	8.08692757668327e-05	0.0203223343304646	-0.522797846756602
CD69	1.83317546441667	1.74216194854167	4.80704340518868	8.1122449439152e-05	0.0203223343304646	-0.525944824358792
CPNE4	2.59935748575	5.09597986504167	4.80615538520162	8.12991492881517e-05	0.0203223343304646	-0.528135376367812
WWOX	1.03753492475	6.08003076879167	4.79669148994849	8.3206544684597e-05	0.0207098589952525	-0.551481171540814
IL4I1	1.94367953133333	1.76577663258333	4.77374148303683	8.80212863882262e-05	0.0216297392436966	-0.608097670783476
OSER1-AS1	1.31652832733334	4.087274623	4.75663787134279	9.17910884592046e-05	0.0221801691375611	-0.650293382871539
CCDC34	1.3614995315	2.45379042758333	4.75094047898524	9.30826007068382e-05	0.022253841797778	-0.664349484485959
PIK3R6	1.41508600483333	1.687116961	4.74987305960631	9.33265950278526e-05	0.022253841797778	-0.666982938763198
TMEM130	2.90959311175	6.798644635375	4.74687806226515	9.40146438441814e-05	0.022253841797778	-0.674371981508111
SULT1B1	-1.26416041683333	1.06290729183333	-4.73699994352093	9.63203629037119e-05	0.0225238177656249	-0.698742720396178
CDCA7L	1.29032899766667	5.3420491425	4.72400735302891	9.94399259628307e-05	0.0229753769974599	-0.730797524655488
SOCS2	-1.6831112335	4.47589639291667	-4.71701509142462	0.000101160660134066	0.0232801990601385	-0.748048580256874
DDIT4	-1.47505484124999	8.20198086354167	-4.71137242937267	0.000102571085892961	0.0235114821509506	-0.761969931524421
FRZB	1.65746456700001	11.0954533331667	4.70925610320901	0.000103105163490046	0.0235408572688119	-0.76719123788979
HLA-DRB1	1.59874686841667	5.990624431625	4.70708650237995	0.000103655589245772	0.0235737199495297	-0.77254397415671
KANSL1-AS1	1.29921140008333	1.749330110375	4.70079965987037	0.00010526730224025	0.0236618862744917	-0.788054523342366
AL590428.1	1.31061086041667	2.10968522279167	4.69450782824627	0.000106905528763868	0.023937344901942	-0.803577284430226
NPAS2	-1.01285319299999	5.44377572141667	-4.69103944890521	0.000107819539950352	0.0239570060549455	-0.81213417248581
AL139241.1	1.22419560466667	0.778764469	4.68288112951573	0.00011000057699722	0.0243483338236633	-0.832261501702595
NLGN3	1.19250149758334	4.75529484679167	4.6649005476767	0.000114965396225133	0.0252545008457732	-0.876620122902313
ACTG1P14	-1.28177179458333	2.86266588854167	-4.65279935314045	0.000118433005780386	0.0256279302396341	-0.90647297658233
RHOB	-1.129733048	8.0748995215	-4.63645907851432	0.00012328272429748	0.0265211790876075	-0.946781484138466
A2M-AS1	1.47244368991667	4.15096666154167	4.63541198587036	0.000123600214734616	0.0265211790876075	-0.949364388666501
GEM	1.59771950966668	10.0223838076667	4.63431773995647	0.000123932880394903	0.0265211790876075	-0.952063596364901
PCBP3	-1.78312489508333	3.52846329370833	-4.63050385010332	0.000125099401974905	0.0266723883041568	-0.961471332310667
TNFAIP6	2.06716211258333	2.43622298129167	4.62304436420364	0.000127412952609514	0.0270661515043353	-0.979871224992984
STAC	1.47721399975	5.800495515625	4.61600398252344	0.000129635931449841	0.0273559327301266	-0.997236756134603
MICALL2	-1.15689759741666	5.37869699345833	-4.61159802412544	0.000131046874459388	0.0274087462745837	-1.00810401574873
AC062029.1	1.46599914708333	1.69556180570833	4.59115326744536	0.000137798524284504	0.0282379852255521	-1.05852743693269
CCL8	2.34597928816667	2.74450425341667	4.58683541422929	0.000139268529485864	0.0284387317974426	-1.06917588994983
HAPLN1	1.1840124195	7.35785204541667	4.57266090127086	0.000144205789921975	0.0292410013109968	-1.10413018598345
RSAD2	1.67330347066667	4.17610096125	4.56798223371611	0.00014587372809059	0.0293738024762416	-1.11566701101957
SLCO4A1	-1.89144011233333	3.32607008333333	-4.56493007448955	0.000146972239883971	0.0294925989882047	-1.123192922361
IL1R2	-2.62729791983333	2.80399650316667	-4.55302860338489	0.000151335614994172	0.0300561860286199	-1.15253750189011
ISG15	1.19772053833334	7.18496653883333	4.54956525842704	0.000152629611275149	0.0302097237088046	-1.16107629772451
RUNX1	1.40817796008334	5.70415493570833	4.54612319978738	0.000153926653116167	0.0303628176672308	-1.16956237192377
GSTO2	1.36477424333334	3.83329959233333	4.54310443435671	0.000155073287709959	0.0304434901864323	-1.17700465473372
EFCAB11	1.00558930483333	2.61045323525	4.541121741415	0.00015583104330374	0.0304434901864323	-1.18189256253869
CERCAM	1.02382539241667	8.07285243245833	4.535473125776	0.00015801028651934	0.0304434901864323	-1.19581756081051
BHLHE41	1.44822942791667	3.68360376770833	4.52533744473961	0.000161997570415401	0.0311083612619217	-1.22080232249051
ETV7	1.29483867025	4.52552054804167	4.51563520800579	0.000165908840747259	0.0315228194841878	-1.24471639347763
CCDC42	1.57321356375	2.51428740070833	4.51092697916077	0.000167840859912183	0.0317055211364406	-1.25632041142444
FAM161B	1.00487952375	5.49211703170833	4.49830107801189	0.000173133979860331	0.0322847552863029	-1.28743574077746
IL2RB	1.748720106	2.49241552016667	4.49411525391593	0.000174925471299107	0.0324304266670928	-1.29775037900207
CD55	2.11814281925001	8.934827361125	4.48823379528602	0.000177474118244725	0.0325506025395978	-1.31224256397062
SERPINI1	1.06406496575	5.597668835375	4.48719674617176	0.000177927353388383	0.0325506025395978	-1.31479780118426
RPL12P38	1.02842849375	3.60271317004167	4.48320261009619	0.000179683827292791	0.0326003385584132	-1.32463886939776
APOBEC3G	1.13203000925	4.45401299245833	4.48274618996863	0.000179885647210736	0.0326003385584132	-1.32576340448812
FOXS1	1.14317942825	6.510043749125	4.47489521141512	0.000183392972384645	0.0331003334035429	-1.34510582381085
ECM2	1.15981767883334	7.44435107133333	4.47018284497637	0.000185530987209663	0.0333111409945819	-1.35671478459267
OASL	1.5749289245	2.04535925433333	4.46222664733727	0.000189197567769884	0.0335561604933211	-1.37631342189001
IFIT1	1.29165100058334	5.92759490304167	4.45935599429394	0.000190538243849707	0.0335561604933211	-1.38338426722251
HPCAL1	-1.30876966991666	5.051482374125	-4.45552445145438	0.000192342522974808	0.0335561604933211	-1.39282151957011
AC016722.3	-1.164773327	0.881133538583333	-4.45503870389415	0.00019257248127028	0.0335561604933211	-1.39401790278994
MGARP	1.71557669691667	4.56697188554167	4.45480777887684	0.00019268190030307	0.0335561604933211	-1.3945866622493
SERPINA5	-1.75810876016666	2.78390232266667	-4.44409662170478	0.000197826186369504	0.0342463702272438	-1.42096591281873
MYZAP	-2.27192881433333	3.86492366958333	-4.44058864729304	0.000199540699885277	0.034338171538418	-1.42960445853824
SLC26A4	2.25303846266667	3.77464456866667	4.42459203528551	0.00020754959223865	0.0353114355938384	-1.46899142630039
IL1B	2.45406950566667	2.92012891341667	4.42443077279887	0.000207631947605727	0.0353114355938384	-1.46938844156443
DUSP6	1.2425409425	8.25974360566667	4.40705633418925	0.000216699290727397	0.0363699683326304	-1.51215726670922
LINC00672	1.02046676808334	3.070874971625	4.40557470577613	0.000217490622106288	0.0363699683326304	-1.51580390586546
ITM2A	1.09461287116667	6.53626346708333	4.40533483847093	0.00021761900593904	0.0363699683326304	-1.51639426822948
LINC01301	1.1916006685	0.762467000916667	4.39978500116237	0.000220610708040472	0.0367640137683651	-1.53005292199692
ADAMTS17	1.30161597633334	3.24330103775	4.38670054607195	0.000227827943289211	0.0377497883290606	-1.56225008684894
MX1	1.2554080845	7.76662839616667	4.38047001237507	0.000231347193625673	0.0379319491723694	-1.57757920821449
AK5	1.59004731091667	1.51043719720833	4.37271226955309	0.000235805177253713	0.0385212666041537	-1.59666346226288
SLC7A5	-2.04924057608333	3.13216981195833	-4.36381611867629	0.000241023207105591	0.0392292856159212	-1.61854502109599
MLIP	1.52551960683333	2.08982751208333	4.36302605872553	0.000241492162241716	0.0392292856159212	-1.62048813577632
AL158850.2	1.45339192908333	1.33911322779167	4.36171807141898	0.000242270549699783	0.0392457988512278	-1.62370500679516
HLA-DMB	1.36911512633333	2.79397289116667	4.3593715572077	0.000243673261196998	0.0393238855099267	-1.62947584424673
HIST1H1D	-1.18833400083333	2.90723745075	-4.35408499700602	0.000246863319539579	0.0393238855099267	-1.64247629292729
UNC5B	1.28194362316667	6.70553787508333	4.34628887158255	0.000251644073012258	0.0396803946442746	-1.66164579727246
ADA2	1.40592639708334	6.76986187395833	4.34554313496845	0.000252106197401037	0.0396803946442746	-1.66347930346714
ZNF610	1.65968214683334	2.72418835933333	4.33714529656863	0.000257369180119765	0.0401226098459288	-1.68412483946448
SUGCT	1.22090500316667	6.43691143033333	4.3318209470461	0.000260762730892719	0.0403264348070972	-1.69721264869835
AL133415.1	1.00398637816667	5.62939978925	4.33027896140171	0.000261753863360458	0.0403369981207588	-1.7010027528671
ESR1	1.21771164591667	5.41615179329167	4.32255852090156	0.000266773185768797	0.0407130983218153	-1.71997734405839
RFTN1	1.12140613316667	7.91876907108333	4.31889034505927	0.000269191585963098	0.0407603854954516	-1.72899160487045
CAPN6	1.66639968283334	3.27660667983333	4.3142007368234	0.0002723153412979	0.0411259989267946	-1.74051496157474
TMC3-AS1	1.49034754333333	1.21058731341667	4.31029455590266	0.000274944883917969	0.0414152692287137	-1.7501124092451
AC007920.2	1.32272290675	1.04344166179167	4.3052290001819	0.000278392702853472	0.0416022183635721	-1.76255724667299
TPGS1	-1.90122307341667	2.78776386245833	-4.28889789082769	0.000289805104121892	0.0427650570059564	-1.80266950435115
ISLR2	1.18722838325	0.926947524958333	4.26417097029074	0.000307979952405812	0.0446284543799949	-1.86337529368728
PCLO	2.23852987558334	3.36209142629167	4.26235506236693	0.000309358692613901	0.0446284543799949	-1.86783204943731
C2orf74	1.33867076566667	4.77911925875	4.2581432476873	0.00031258030294445	0.0449813139172642	-1.87816829428276
HACD4	1.14899466558334	5.60607788229167	4.246063126214	0.000322007302419909	0.0461090604672538	-1.90780831319033
GPC3	2.07094898766667	6.35215458783333	4.23847853969428	0.000328070541586488	0.0468103512921397	-1.92641344650255
ALPL	-1.73647915458333	3.73297318720833	-4.23658659401356	0.000329600660390329	0.0468493409265107	-1.93105386783418
F3	1.37404067841667	5.457539030625	4.23143110678367	0.00033380641057071	0.0472156955322615	-1.94369771529014
PODXL2	1.55008249866667	2.46226963258333	4.22766335098226	0.000336913894398547	0.0473090737962589	-1.95293708175303
SAA1	-3.050418967	3.64836544541667	-4.22454633765841	0.000339506471455802	0.0475579681138559	-1.96057999784712
AP002884.3	1.36016353933334	6.19897119316667	4.20877964247055	0.000352928452737168	0.0488481617173904	-1.99923023777632
CD163	-1.76855351591666	7.712889696375	-4.20381611917809	0.000357262360219457	0.0491266745797977	-2.01139433280648
CYP4B1	-2.04230007291666	4.277092529375	-4.20356611198345	0.000357482052535213	0.0491266745797977	-2.01200698095808
USP51	1.08005945575	3.428138872125	4.19994925047275	0.000360675457849487	0.0494483494729677	-2.02086970578969
DENND6B	1.13757587008333	3.18467488554167	4.19097039449505	0.000368726546046954	0.0504329211908042	-2.04286754249559
PRSS35	1.35809026416667	5.4168847865	4.18683121815473	0.00037249811093722	0.0505079749080163	-2.05300647687129
NOD2	-1.07448775666667	3.16147780025	-4.18180984884392	0.000377125167319217	0.0508619065775427	-2.06530473251048
LBP	-2.41837278191667	1.556680141125	-4.18064010244638	0.000378211256687931	0.0508900357519795	-2.06816940008198
AL139398.1	1.0844544615	2.2421225385	4.17703543509144	0.0003815777685856	0.0510269987843652	-2.07699648988736
OAS1	1.32227279725	4.35731323629167	4.17672530220957	0.000381868802655743	0.0510269987843652	-2.07775589819133
NCALD	1.04394731433334	7.19980078975	4.17276582331232	0.000385603941637995	0.0513468977596949	-2.08745068651009
AP000808.1	1.1459990775	3.85025559291667	4.17231279613584	0.000386033614802252	0.0513468977596949	-2.08855985192008
UCP2	1.52409279175001	6.008681104125	4.16915402603802	0.000389042834876253	0.0513807950789218	-2.09629318724096
CNTN3	1.01061427300001	5.23732856083333	4.16866838883059	0.000389507548055305	0.0513807950789218	-2.09748206515592
PEG10	1.23369925583334	4.24592163383333	4.16785568194534	0.000390286476337951	0.0513807950789218	-2.09947159675212
MMP3	-2.12252968458333	1.144598175625	-4.16740575154834	0.000390718373421008	0.0513807950789218	-2.10057301952703
IGSF6	1.488271447	2.58714940275	4.16127972868156	0.00039664645723183	0.0516915011106641	-2.11556795096463
Z93930.2	1.02832083358333	1.01416041679167	4.15882721780322	0.000399044762321117	0.0517595044442355	-2.12157029048877
MATN2	1.121215782	7.42448024225	4.15184006424833	0.000405956968260216	0.0517595044442355	-2.1386683694808
MEF2AP1	1.013261223	0.99691000625	4.15122980775074	0.000406566311516908	0.0517595044442355	-2.1401615376267
PNMA8C	1.15594045375	4.463476278625	4.14989058154601	0.000407906728306807	0.0517595044442355	-2.14343824112864
RTL3	1.37667493	4.66240525925	4.14805437009204	0.00040975172883113	0.0517595044442355	-2.14793070412335
CXorf21	1.42458894266667	1.76744264625	4.14725654098986	0.000410555964415504	0.0517595044442355	-2.14988258764546
ARSE	1.61188794175	3.58310230479167	4.14157649629363	0.000416327230126655	0.0523732430731782	-2.16377737064084
PIK3IP1	1.31383928783334	8.15329194266667	4.13307534043515	0.000425116172704685	0.0531331081975492	-2.18456862314053
HPGDS	1.93437707366667	2.24798831566667	4.12673518101573	0.000431790989843144	0.0537357400729044	-2.20007104470834
RPL23AP7	1.18254144733334	6.09553168758333	4.12050590450739	0.000438450653330697	0.0544476846651116	-2.2152992325385
PMAIP1	1.35389504991667	0.843614191625	4.11251315560497	0.000447145565158301	0.0554087879491995	-2.23483385299563
EGR2	2.09126064316667	4.33969752275	4.1113945554029	0.000448376044321033	0.0554427973098287	-2.2375673450098
INHBA	1.32812938891667	7.931747716125	4.10979358919907	0.000450142998538061	0.0554531392367857	-2.24147940290644
LINC00865	2.22161255808333	3.20345069454167	4.10588330002628	0.000454487887599126	0.0557565294612885	-2.25103354445483
NREP	1.02483820208333	6.11223374104167	4.09280366975124	0.000469326669739832	0.0571085454478669	-2.28298219128045
WSCD2	2.65161772658334	4.87028385579167	4.09245804580496	0.000469725245781948	0.0571085454478669	-2.28382622596409
IL1RL1	-2.03164797975	1.94665107329167	-4.08680312469196	0.000476294565012389	0.0571419043208322	-2.29763444073605
DLGAP1	1.28327768575	5.49975707404167	4.08351589061217	0.000480155256000944	0.0571419043208322	-2.30565996520842
CDH24	-1.20305929525	1.15027652270833	-4.08318503402925	0.000480545549976413	0.0571419043208322	-2.30646767401643
SYT17	1.17338064466667	2.39183849716667	4.08313858127525	0.000480600373079721	0.0571419043208322	-2.30658107677119
ROBO2	2.896968772	4.99486188516667	4.06772350702862	0.000499140868668885	0.0586818317153266	-2.34420271397605
ZNF667	1.35881257175	3.201774172625	4.06675293175487	0.000500331742132909	0.0586818317153266	-2.34657077405848
TAGAP	1.84385047666667	3.04413014533333	4.06473263724321	0.000502819662960291	0.0586818317153266	-2.35149972436084
MPPED2	1.10421533891667	5.23656540654167	4.06424700200794	0.000503419536511455	0.0586818317153266	-2.35268448334795
RNASE2	-1.69340683841666	1.34670341920833	-4.05899182993515	0.000509956583118718	0.058892317407913	-2.36550368206436
AL512625.3	-1.78544252033333	0.892721260166667	-4.05831852911436	0.000510800194095499	0.058892317407913	-2.36714591784366
LINC01252	1.40944307208333	2.57935530579167	4.0431921568135	0.000530122642193894	0.0602924146900218	-2.40402946852126
P2RY13	1.34464244016667	2.11392188833333	4.0407024555354	0.000533371871847938	0.0604333857510087	-2.41009823418279
ALDH1L1-AS2	-1.486740655	3.48726786133333	-4.03652966666238	0.000538862074486893	0.0609166243386324	-2.42026830659378
TRAPPC6A	1.01444268508334	4.36752943220833	4.03476038207162	0.000541206864371809	0.0610172512925789	-2.42457997729208
MIR99AHG	1.11801780491667	3.22152879245833	4.03262205911646	0.000544054262612559	0.0611460055265313	-2.42979058426519
UCHL1	1.59347240566667	7.37496183558333	4.03141480829829	0.000545668409212512	0.0611978869707354	-2.43273218887165
RARRES3	1.14843382675	5.039914233375	4.03009692166682	0.000547435911893938	0.0611978869707354	-2.43594321230494
GLRB	1.23667719633333	5.715873584	4.02696449360479	0.000551659867436797	0.0611978869707354	-2.44357469186954
FASLG	1.1560562405	0.57802812025	4.02678511668908	0.000551902727668764	0.0611978869707354	-2.44401167633375
UBE2D1	-1.21874068741666	2.94976066370833	-4.02488366361313	0.000554483662217638	0.0612498495675952	-2.44864366286132
AC009159.3	1.078053162	1.2686005395	4.02080680630262	0.000560057850746181	0.0615775182776702	-2.45857381602915
BMP4	1.24367821825	6.751411468875	4.01424222097316	0.000569150619876679	0.0622768903745438	-2.47456003839757
AC026202.2	1.1511484325	0.790987758	4.01070752493365	0.000574107172183328	0.0625830775120823	-2.48316606515498
CTSD	1.00518080166667	11.7540186208333	4.0003153223455	0.000588929284660949	0.0637197313532508	-2.50846111322511
CST6	1.38765170283334	6.5020781485	3.9982231358132	0.000591958932648986	0.0639282576929472	-2.51355227938917
GALNT18	1.02068555783334	8.39350403558333	3.98926562536263	0.000605105954270968	0.0652265977807365	-2.53534466137897
MAP10	1.40078833558333	2.08058103645833	3.97225708911295	0.000630872010550916	0.067130569739228	-2.5767014444795
SLC26A4-AS1	2.15974740058333	1.64278099220833	3.96941894619968	0.000635276204465429	0.067475408288578	-2.58359954466126
RIMS1	1.62334709341667	4.783439847125	3.96540047788579	0.000641564217069651	0.0677709173779968	-2.59336497004221
PTPRD-AS1	1.21992150175	1.804948251125	3.9560093051891	0.000656501034462984	0.0685990351200213	-2.61618009870022
ABCC3	-1.00851805991666	7.230347842875	-3.93780268291408	0.000686448016643516	0.0707090227872246	-2.66038449001891
RFX2	1.03176573408334	6.010664930125	3.92691186763043	0.000705004816305252	0.0719812399858988	-2.6868091169833
ENO4	1.06781509975	0.867240883208334	3.92475503781133	0.000708738371320614	0.0722234059466977	-2.69204070117158
SCIN	2.52236447808334	2.834863115625	3.92338920576595	0.000711112803192875	0.0722234059466977	-2.69535337716576
SPATA18	1.10928987316667	4.73207526108333	3.91632006830543	0.000723528682554604	0.0728465258461617	-2.71249540438703
TP53I11	-1.46706504383333	6.90653182133333	-3.91300009222543	0.000729433599734846	0.073186925172012	-2.72054407641347
TMEM165	-1.03042798141666	6.151062827125	-3.90763205613973	0.00073908234878704	0.073772121606208	-2.73355520344972
GGT5	-1.43796654041666	7.13412674470833	-3.90330048950898	0.00074696016711586	0.0743666571089424	-2.74405168048548
PAPPA	1.02853322641667	6.237958111375	3.90037717413087	0.000752323739847677	0.0747080661729218	-2.75113437058003
CRABP2	1.498611852	2.54802344583333	3.89107120579214	0.000769653141142143	0.0759090044460141	-2.77367442363738
MGAT4C	1.65154059833333	1.60355561008333	3.88666061316219	0.00077800393296328	0.0764725120073551	-2.78435375663533
RTP4	1.20281482683333	2.30716849841667	3.87920108407148	0.000792332022447438	0.0771332375256905	-2.80241013736379
CD1E	1.30325483508333	1.24912116770833	3.87901744320694	0.000792688029768442	0.0771332375256905	-2.80285456980978
DUXA	1.404847943	1.00117084658333	3.87477379566136	0.000800959031872079	0.0777666689587718	-2.81312355308635
HLA-DRB7	1.60514782916667	1.12102595666667	3.87361166457049	0.000803238920323217	0.0777666689587718	-2.81593535115895
AC105206.1	-1.03322864108333	0.849947653875	-3.86430640474447	0.000821727203501261	0.0793790413877914	-2.8384436234348
RBM12B-AS1	-1.20576108491667	1.58245450104167	-3.85488952986564	0.000840865803381796	0.0810038713214626	-2.86121095007952
CAMKK1	1.149013842	4.21254836633333	3.83609756117388	0.000880385406703796	0.0837771049449484	-2.90661112572084
AC131009.4	-1.15210640233333	2.08736230841667	-3.83504382766116	0.00088265499493669	0.0837771049449484	-2.90915553868919
GSTM5	1.51800304858334	5.45082454954167	3.82554796437515	0.000903370364820855	0.0847720996230678	-2.93207836000165
RTL9	1.3374033355	2.62158396008333	3.82225603597786	0.000910663343117208	0.084906911989383	-2.94002225765609
AL133492.1	-1.05952045983333	0.529760229916667	-3.81825164149437	0.000919613203493592	0.0852275318754223	-2.94968351438001
KCNB1	-1.34352458066666	4.079957759	-3.81679071174346	0.000922899989488139	0.0852275318754223	-2.9532077183572
FGF1	1.24570170683334	6.82251508258333	3.81514551196501	0.000926615242381363	0.0852275318754223	-2.95717609824808
FANCG	1.09446017466667	4.6524723865	3.81379524544948	0.000929675504401727	0.0852275318754223	-2.96043280185085
GADL1	1.60542776433334	2.84370164058333	3.81317163974097	0.000931092221655797	0.0852275318754223	-2.96193679253536
PODNL1	1.56925270958334	5.44149305370833	3.81210105448154	0.000933529370195271	0.0852275318754223	-2.96451867207294
LINC00957	1.07553284816667	2.17603810783333	3.81108000167506	0.000935859631656466	0.0852275318754223	-2.96698095392893
APLNR	2.14321318583334	4.57875801883333	3.80392444554507	0.000952352179985279	0.0857604968538607	-2.98423274471385
S100A10	1.05045641483334	8.58446418475	3.80082550372281	0.00095958359461222	0.0860110222601955	-2.99170204055107
AC008771.1	1.19334071708334	3.10757961870833	3.79227227146514	0.000979825266691766	0.0870183869697635	-3.01231088772205
NLRP3	1.51555385366667	3.18972513875	3.78969715274542	0.000986001592625409	0.0872995272688936	-3.01851362473232
AC245297.1	1.21385200408334	6.64727924570833	3.78626768531367	0.000994286767803588	0.0878988910445633	-3.02677282861873
BAIAP3	1.084089535	4.11860037583333	3.78344125817796	0.00100116671114682	0.0883723912930556	-3.0335785041759
TRIM36	1.58762374191667	4.77271141720833	3.78086113956459	0.00100748812578603	0.0887952262594362	-3.0397901312965
GZMA	1.24404705316667	1.80285061008333	3.77610534493098	0.00101924347071582	0.0894235803286271	-3.05123725671877
CSF1R	1.39882802933334	6.87529938591667	3.7731183185609	0.00102669590014963	0.0899413524733802	-3.05842536232383
OXTR	1.349572848	1.28494709858333	3.7595997865113	0.0010611017369486	0.0921204686090722	-3.09094113142401
GPR26	1.17769449733334	3.08746007591667	3.75695755316147	0.00106795815889103	0.0924591864829578	-3.09729337730304
SBNO2	-1.125606831	3.059300059	-3.7548350753114	0.00107349749092001	0.0926418749864943	-3.1023953407627
SALRNA2	1.30856248983333	1.68260207858333	3.75199007283326	0.00108096697953832	0.093049552970869	-3.10923307172529
TMEM37	1.18276740483334	4.99988899933333	3.74650664887989	0.00109550850125792	0.0934291536962505	-3.12240871986407
TREML1	-1.08973463308333	0.628200649875	-3.7426587722101	0.00110582773389478	0.0938949747756368	-3.13165183304514
NUDT17	1.06391783258334	3.977518954375	3.74062591045259	0.00111131810025417	0.0939484993994754	-3.13653416189341
CDK15	1.2204989445	3.07150397016667	3.73555057471262	0.00112514320586777	0.0947030913467194	-3.14872095035305
SLC8A1	1.41628146425	5.27902214129167	3.73369470480961	0.00113024078331432	0.0949942807923876	-3.15317627458121
AC138356.1	-1.01226707716667	0.839466871916667	-3.72931122491376	0.00114237160800394	0.0955982058628755	-3.16369751439331
AC018742.1	1.25322896358333	3.22743537754167	3.71663661797022	0.00117817396159978	0.0969061899067004	-3.19410294022214
PIK3R3	-1.28956422416666	5.69404117	-3.71500030322725	0.00118287597318437	0.097027618547215	-3.19802656716254
ADGRB3	1.1918320555	4.71927380108333	3.71183876868169	0.00119201319959004	0.0975012996950994	-3.20560627845675
IL2RG	1.60987429158333	2.641627955875	3.71013122026009	0.00119697711460321	0.0976624136106977	-3.20969945473876
GALNT8	1.75703539866667	4.34704886075	3.70911791087201	0.00119993247124869	0.0976624136106977	-3.21212825485103
AP001372.2	1.12818816866667	2.1305210525	3.70668585929587	0.00120705501101881	0.0977623778751681	-3.21795699405186
APLN	1.41086375575	3.12223421954167	3.70373152419962	0.00121576316470032	0.0981974278697296	-3.22503623267165
NELL2	2.44464452791667	2.29146582520833	3.70284074133078	0.00121840094552653	0.0982736106174135	-3.22717048090639
CEBPB-AS1	1.12568992233333	2.10336217225	3.70133278266904	0.00122287915926282	0.0983612081596793	-3.2307831560967
CCDC89	1.11877770683333	3.03676718925	3.68853504330074	0.00126154327485258	0.10054106669302	-3.26142896175607
ADRA1D	-1.22719711241666	3.14493385804167	-3.68778386809717	0.00126384973391982	0.10054106669302	-3.26322694935836
NAPSB	1.64974551633333	2.61692645191667	3.68597558242297	0.00126941905851334	0.100790579767315	-3.26755483636812
BISPR	1.02484431916667	3.28372070633333	3.68323066952284	0.00127791930452258	0.100830441125412	-3.27412342732903
BTNL9	-1.48418375791666	3.19062936929167	-3.67934548614828	0.0012900465248684	0.101527931129954	-3.283418651025
RALY-AS1	1.14338931608333	1.07169465804167	3.67787820765988	0.00129465590404208	0.101598078272142	-3.2869284613116
AMIGO2	1.00024646875	7.396245894125	3.67223043870423	0.00131254986204875	0.102585854649317	-3.30043502454951
TUNAR	1.35139548816667	0.759031077416667	3.66661938839674	0.00133056847319298	0.102907784487191	-3.31384870468347
STAC2	-1.55065725083333	4.36303213875	-3.6663224556676	0.00133152875724251	0.102907784487191	-3.31455840545686
PLIN5	-1.250135675	1.1250678375	-3.66379287163073	0.00133973716289603	0.102907784487191	-3.32060380140424
FAM149A	1.22825143083334	3.74175396825	3.6539185081482	0.00137225831641765	0.104553431852417	-3.34419235534863
CTHRC1	1.15744367691667	7.95085292295833	3.65284573509073	0.00137583791735928	0.104553431852417	-3.34675410813119
MACROD2	1.51380032025	1.45039416804167	3.64515173056183	0.00140178161346904	0.105536266305114	-3.36512162048794
GCNT1	1.32272668541667	3.74663852120833	3.64432062887721	0.00140461266571548	0.105536266305114	-3.36710508162179
ADGRG5	1.01416041683333	0.854573958583333	3.64407850467387	0.00140543849109577	0.105536266305114	-3.36768290021962
TSTD1	1.04665515433333	5.80736384008333	3.63884276833757	0.00142341353410993	0.106376315829429	-3.38017536300235
SNCAIP	1.18396560283334	5.74700211266667	3.63678121458494	0.00143055300735739	0.106635039274649	-3.38509297215763
RAB33A	1.31101395208333	1.39774785904167	3.63624002113438	0.00143243306958684	0.106638114254878	-3.38638381143742
CDH13	1.03742095408334	11.409290049625	3.63557638403245	0.00143474180726731	0.106662597280716	-3.38796663276271
AL136454.1	1.74928474183333	1.23781568158333	3.6325547021571	0.00144530032004529	0.107183249949343	-3.39517262143797
KRT8P44	-1.21535743941666	1.40732540629167	-3.62879003670563	0.00145856192152196	0.107890792748499	-3.40414829473865
ADGRL3	1.71891299225	4.22409577520833	3.62694445576849	0.00146510687948422	0.108130823120205	-3.40854763237723
IFI44L	1.23020891633333	4.47444010258333	3.62273557445123	0.00148014094765491	0.10879317360881	-3.41857823894405
AREG	-1.78755423333333	2.53716643266667	-3.60957676125669	0.00152812868045707	0.111192931701063	-3.44991876774271
AC023283.1	1.7525130455	2.893744085	3.60669094273952	0.00153885534202823	0.111624352556751	-3.45678796770928
FCGBP	1.65150591683334	7.68036033658333	3.60591373217737	0.00154175687407027	0.111624352556751	-3.45863773798201
ETV1	1.023750387	4.81842554941667	3.60521198160585	0.0015443813103379	0.111674944302276	-3.46030782230621
CTBP2P8	-1.19478811658333	1.573087427125	-3.60290848822581	0.00155302689203478	0.111939051689969	-3.46578926417322
MARVELD2	1.02398829916667	1.44831464608333	3.60282240879745	0.0015533508892149	0.111939051689969	-3.4659940826709
AC091588.3	1.14799509291667	0.859160502208333	3.59858345559553	0.00156938842087924	0.112085643709421	-3.47607869902566
PKHD1L1	-1.736751807	2.81516957408333	-3.59550118945239	0.00158115177421911	0.112648322902075	-3.48340953760114
DUSP27	1.04920673208334	6.89389310170833	3.59305055698788	0.00159056626996038	0.113115019694277	-3.48923690957134
CPEB1	1.01769972641667	3.84905013070833	3.58835222027227	0.00160876984984206	0.113998497951099	-3.50040614026702
FBP2	1.294687268	1.11275717575	3.58343159916717	0.00162805393772897	0.114728538285194	-3.51209959793635
C12orf75	1.11960524666667	7.04378953366667	3.58340598847382	0.0016281548981552	0.114728538285194	-3.51216044838238
CCL3L1	1.29742359108333	0.763523010458333	3.57567969263959	0.0016588951459916	0.116048620267178	-3.53051259207457
CXCL1	1.15996123883333	1.06278100383333	3.5749002368174	0.0016620277799024	0.116127683180578	-3.53236342476368
RPL5P1	1.08842053941667	0.947093285875	3.56634877337887	0.0016967796157523	0.117621920119547	-3.55266181782134
3-Mar	-1.20799017316666	4.21746562291667	-3.56344244252922	0.00170875205040387	0.117685358639612	-3.55955747482768
SSC5D	-1.39087070366666	4.49521941108333	-3.56329839974265	0.00170934757559683	0.117685358639612	-3.55989919540116
PIM1	-1.13897345524999	6.144021502875	-3.56246754847837	0.00171278659285085	0.117685358639612	-3.56187019518283
TNFRSF6B	-1.43706892191666	2.60989914570833	-3.56148787638544	0.00171685032221002	0.117689480775326	-3.56419407515529
RAD51B	1.13760952008333	3.253574925625	3.56084186141711	0.0017195351980744	0.117734362151038	-3.56572639092729
INE2	1.73368022475	2.44125157595833	3.56020765716652	0.00172217499415385	0.117776054759392	-3.56723061781842
FGGY	1.118028562	4.29213823008333	3.55674857191152	0.00173664312364138	0.1186256120958	-3.57543369164301
GPM6B	-1.2579442925	6.56138572241667	-3.55321318169356	0.0017515535861686	0.118905769178109	-3.583815441585
AL162231.2	1.14275561058333	2.529617835375	3.55042075339345	0.00176341929532266	0.119044749672669	-3.59043413381011
AC007728.2	-1.01416041683333	0.950574216333333	-3.54707215759235	0.00177775226383754	0.119741216070535	-3.59836916158481
AC006504.1	1.34832757833333	2.69187906908333	3.54468366587303	0.00178804543976188	0.120294801842356	-3.60402779500866
HFE	1.01403145091667	5.19464451779167	3.54166657366755	0.00180113111449495	0.120872435261531	-3.61117413759221
AL359258.1	1.032020381	1.12202379033333	3.53801841655478	0.00181707926773942	0.120984934528142	-3.6198129535212
AL390038.1	1.032020381	1.12202379033333	3.53801841655478	0.00181707926773942	0.120984934528142	-3.6198129535212
GZMH	1.53151328	0.932423306666667	3.53526738190731	0.00182919706140456	0.121632423373146	-3.62632573247627
STAMBPL1	1.05902468766667	2.78212696416667	3.5348466865622	0.00183105711486969	0.121632423373146	-3.62732155767244
TPH1	1.02142825033333	8.06467776166667	3.53049691456607	0.00185039810529256	0.122082067486042	-3.63761591207889
OAS2	1.06830594933334	5.40341923983333	3.5269940091551	0.00186611896463184	0.122839769711571	-3.64590342672746
C16orf89	1.61329900283334	3.1278220775	3.52470171624535	0.00187647742558697	0.123107337127762	-3.65132549145225
POM121L9P	-1.78202055891667	1.85237505329167	-3.51706721058235	0.00191138427254292	0.123713067095515	-3.66937648201674
DNER	1.67843595366667	3.68399609275	3.5159579536546	0.00191650871050692	0.123768473996022	-3.67199827200169
ATRNL1	1.08591978508334	6.390008205875	3.50675160949798	0.00195956181752596	0.125708925313919	-3.69374878732582
THY1	1.45707591075001	6.67761427879167	3.4986142333573	0.00199840344576998	0.127381009154821	-3.71296005787988
TTC39C	-1.25091686775	3.513852772375	-3.49155601802048	0.00203270364330825	0.128974378978529	-3.72961303135685
LINC00663	1.053003889	2.87732284058333	3.48882151237427	0.00204614658179622	0.129073715675877	-3.73606210522608
FLRT2	1.35893256358334	5.82384237295833	3.48857784837244	0.00204734865701054	0.129073715675877	-3.73663669175955
LINC01600	1.14776160083333	1.53153522516667	3.48823133502753	0.00204905931245261	0.129073715675877	-3.7374537880335
RASL10B	-1.35797476658333	2.14741539320833	-3.47874856624239	0.00209642023247085	0.130499297523075	-3.7598053441534
OLAH	-1.00640129975	0.885280858291667	-3.47487381027727	0.00211607913286618	0.130499297523075	-3.76893322790768
RPSAP47	1.08424050333333	0.775071394166667	3.47468263042184	0.00211705375429442	0.130499297523075	-3.76938351794152
NUP210	1.30065910666667	3.82843265316667	3.4728697229736	0.0021263176801204	0.130713574984732	-3.77365313104252
DHRS4L1	1.32432462916667	1.13728123716667	3.46669990169357	0.00215814341819028	0.131475508641702	-3.78817880730353
AC093768.1	1.17367598133334	2.33165692041667	3.4666751018895	0.00215827227815255	0.131475508641702	-3.78823717814378
CH25H	1.83679290925	2.821038379625	3.46557203474737	0.00216401143961334	0.13168679477177	-3.79083332018097
LSP1	1.00785124741667	6.84250515929167	3.4561167206159	0.00221382271025622	0.134014843878798	-3.8130768267607
PTCHD4	1.36860944233334	3.38600619916667	3.45297181007242	0.00223063741793808	0.134611192277298	-3.82047111818658
GDF15	1.72605073958334	3.90444528770833	3.45062660006161	0.00224325760962504	0.135232056709964	-3.82598382963918
PI15	-2.53618511633333	2.10782719125	-3.44917040253382	0.00225112888349404	0.135565646251786	-3.82940623218741
LINC00854	1.12957190816667	2.30174666533333	3.44364896422616	0.00228122021058945	0.136809517758753	-3.84237889317218
OSGIN1	1.09621301108334	5.347232160375	3.44218593475675	0.0022892592379128	0.137008267269636	-3.84581522731819
AC144652.1	1.033228641	1.14869452891667	3.44000800020351	0.00230127781299798	0.137349959428098	-3.85092988725687
TLR7	1.502791624	2.19939778	3.43704088910893	0.00231775058308001	0.138001344522135	-3.85789624940292
NMUR1	1.39308837816667	2.13227908	3.43627993378757	0.00232199377191679	0.138112189553611	-3.8596825682989
RPL18AP7	1.06756714258334	2.31799302429167	3.43577056551386	0.00232483831687772	0.13813970134292	-3.86087822640712
LGALS2	1.01906822458333	0.592867445625	3.43370310191219	0.00233641896825085	0.138402395531942	-3.86573069578954
KRT16P6	1.44359072083333	1.22772981783333	3.42265321243908	0.00239927543471259	0.140451262851393	-3.89165016185353
LEFTY2	1.1051096735	7.46281297308333	3.42251552221683	0.00240006899946081	0.140451262851393	-3.89197297487395
AC021224.1	1.18539840416667	1.13453679066667	3.41977253324987	0.00241593147582545	0.141094777520187	-3.89840303472865
FAM133A	1.21690703391667	2.30058970754167	3.4171856072223	0.0024309852199334	0.141171505741851	-3.90446577975438
OR7E13P	1.03327450891667	1.03653615945833	3.40769196049127	0.00248701898388759	0.14308501183789	-3.92670284840553
CD4	1.25511051741667	6.06501066704167	3.40527916937954	0.00250145956545238	0.143630836217109	-3.93235124928454
AIF1	1.07565889658333	2.392609024875	3.40357351588813	0.00251171725574954	0.143797690341664	-3.93634346145337
CDKL2	1.09108967125	3.39081360804167	3.40181722712776	0.00252232235376885	0.143853401670412	-3.94045352769095
RTN4R	1.28449928875	1.27432985279167	3.40165272454295	0.00252331791405698	0.143853401670412	-3.94083846214511
LPAR4	1.010773585	1.60778835008333	3.39646562051755	0.00255490737296099	0.144835526178032	-3.9529732033173
POTEE	-1.22396353175	0.996194032875	-3.39202958149348	0.00258222864589523	0.145814202396691	-3.96334622032604
LINC00598	-1.05952045983333	1.21058731341667	-3.38858599993039	0.00260363372276902	0.146324617659692	-3.97139553620236
GAP43	1.7170989765	3.41814623825	3.37991690229156	0.00265828932882178	0.147874936478239	-3.99164778550998
LMCD1-AS1	1.32927372641667	1.262130613375	3.37711400771648	0.00267619873261485	0.147874936478239	-3.99819216917178
CCND1	1.00351576933334	9.07470323483333	3.37590152703764	0.00268398241127322	0.147874936478239	-4.00102260516116
PTGES3P1	1.00943263366667	0.903291967916667	3.37574031072371	0.00268501902146097	0.147874936478239	-4.00139892654351
WWC2-AS2	1.12090490408334	2.085386453625	3.36995772071935	0.00272245984556173	0.149652714524797	-4.01489316020018
ITGBL1	1.19331796250001	8.67796510408333	3.36028043208204	0.00278625916935384	0.151437233372387	-4.03745917642739
ABCG2	1.30108512158334	4.55649474279167	3.35897295507983	0.00279498989430593	0.151769521479854	-4.04050639176627
AP002360.2	1.18113976133334	2.22905138875	3.35801744347402	0.00280138720903334	0.151974600948054	-4.04273306776168
CYSLTR1	1.06509485125	3.925692430125	3.35471563187475	0.00282360340986168	0.152999372985053	-4.05042583894493
RASA4CP	1.40425142591667	4.09363315204167	3.35442700421488	0.00282555357486234	0.152999372985053	-4.05109818365093
FOLR2	1.27646331166667	6.03718708408333	3.35229098660499	0.00284002680469815	0.153496434748239	-4.05607334434567
HPR	-1.24876136916666	2.83136578108333	-3.3484871912853	0.00286597955878237	0.154180660994866	-4.0649304604736
WDR31	1.03007692075	3.10452089354167	3.34048992770247	0.00292129921931972	0.155712229435669	-4.08354116564887
TNFRSF11B	1.29155451425	10.907851520625	3.33809153842134	0.00293809135418394	0.155882083994887	-4.08911965169648
TAS2R4	1.06290729183333	0.962280729333333	3.33488829491271	0.0029606652418166	0.156373278113543	-4.09656808499042
TGFB2	1.04732306375	5.705815031875	3.3332975637969	0.00297193808767311	0.156683277744024	-4.10026608856131
AC241585.3	1.39063113133333	2.50643474258333	3.32380412542912	0.0030400878186418	0.158290312934446	-4.12232333998363
C1QTNF3	1.50866453983334	2.842227223	3.31949400739697	0.00307152815288743	0.159042082295001	-4.1323305509522
CYBB	1.51023955641667	5.038685401875	3.31542232839072	0.00310151961742937	0.160023511720268	-4.14178011245504
PRND	1.372963274	0.90189517875	3.31376071437431	0.00311384052909276	0.160373848848736	-4.14563525761333
CYP17A1	-1.07947891075	0.888772865791667	-3.31215084498293	0.00312582315281335	0.160705551508071	-4.14936972151834
CATSPERB	-1.14366297008333	1.56641406120833	-3.30954762638828	0.00314529445501227	0.161260635637017	-4.15540717914066
LINC01515	1.08266055833333	2.50199917158333	3.30885121903202	0.00315052334207128	0.161260635637017	-4.1570220318851
ARC	1.1511484325	1.17306796641667	3.3057371936854	0.0031740082038057	0.161891167777752	-4.16424151666599
AL139400.1	-1.03634137033333	0.817317642416667	-3.29943318913682	0.00322207297375346	0.163623185610232	-4.17884943890462
GAD1	1.46858691741667	3.90789964779167	3.29649084230826	0.00324474834097662	0.164486617603372	-4.18566429340872
C15orf59	-1.19407961325	1.527866890125	-3.28902919640594	0.00330294959250538	0.16569892363163	-4.20293700647798
CMTM5	1.15264192433333	1.76792163083333	3.28795192608405	0.00331143572861397	0.165837730750872	-4.20542962286984
ANO1-AS2	1.04589556591667	1.32169465804167	3.28694285162905	0.0033194038702235	0.165950162625751	-4.20776418864991
AP001062.1	1.05053887541667	2.87348665229167	3.28178171535976	0.00336045091065456	0.167361846015335	-4.21970094585134
CENPF	1.43412576975	2.401617937625	3.28130826572926	0.00336424090156537	0.167361846015335	-4.22079562020724
KCNB2	1.34560041033333	1.31904083033333	3.27585486336615	0.00340819616108997	0.168208272275742	-4.23340058292318
AC069222.1	1.08978471608333	1.82812099904167	3.27565568365877	0.00340981209371726	0.168208272275742	-4.23386082680345
RPUSD1	-1.19678019383333	3.74084963341667	-3.27423476587281	0.00342136152030899	0.168385141407943	-4.23714385201667
COL10A1	1.14244377225	4.50202002529167	3.27383800015196	0.0034245932695775	0.168385141407943	-4.23806048846358
HOMER3	-1.43669284183333	3.95737922575	-3.2732298009195	0.0034295529502115	0.168408183100437	-4.23946551796887
TPST2	-1.03180933941666	6.19321647320833	-3.26736078285502	0.00347777283374105	0.169912788498016	-4.25301909206377
ITGB2-AS1	1.07449946683333	1.304963845	3.26669334934408	0.0034832979813877	0.170031495313492	-4.25455988196201
ANK3	1.06815848816667	6.33090280058333	3.26620162243624	0.00348737404619974	0.170031495313492	-4.25569497691751
CASP1	1.18120882766667	4.50215461308333	3.26197498970714	0.0035226013027305	0.171093984379606	-4.26544918076732
KRT17	1.49428041508334	5.64857638120833	3.2609004747668	0.00353161187304103	0.171388089835371	-4.26792822860901
JAML	1.26551654158334	3.82115724679167	3.26051288462651	0.00353486757884103	0.171402655100107	-4.26882237918851
NEIL3	1.16968113441667	1.13358744229167	3.25271686115882	0.00360097513463486	0.173160324198076	-4.28679938309276
NUDT3	1.02547988516667	7.07881707416667	3.25190978781102	0.00360788697352053	0.173247898152528	-4.28865955382087
CD38	-1.42516623441667	2.695171543375	-3.2518066623199	0.00360877107527209	0.173247898152528	-4.28889722917085
CD52	1.14776160041667	2.143189391875	3.24947316060781	0.0036288326304488	0.174066907144431	-4.29427457678214
GOLGA8O	1.31254806883333	0.656274034416667	3.24836279097396	0.0036384166426062	0.174382393681538	-4.29683284047333
RPS4XP5	1.04061248133333	1.11526885333333	3.2433059682005	0.00368237542592911	0.176052760161506	-4.30847967015822
TMEM100	-1.24289656991667	1.825715877625	-3.2419480611977	0.00369426714005208	0.176170930988762	-4.3116060801608
CRISPLD2	-1.44901033666666	5.97909259641667	-3.23799363684964	0.00372911012449549	0.177264166762186	-4.32070796022644
BMX	-1.06356465141666	3.63531727845833	-3.23505373535037	0.00375522034215953	0.177662091798217	-4.32747212104011
WHRN	-1.15922022758333	1.51043719729167	-3.23463811808651	0.00375892584685069	0.177662091798217	-4.32842819916831
AC025518.2	1.01785543608334	2.65583141604167	3.23224952710123	0.00378029056575588	0.178236090064944	-4.33392200723577
CLDN23	-1.02304066166667	1.81666850575	-3.23104986646004	0.00379106528439574	0.178326180876642	-4.3366806967604
AC130466.1	-1.40018308975	3.61841486195833	-3.23066800731137	0.00379450118465636	0.178326180876642	-4.33755872623226
NANOS1	-1.12046829066666	2.39031632216667	-3.23013301680075	0.00379932001189519	0.178408069190152	-4.33878879565867
AC009133.1	1.10897252241667	1.665739010125	3.22816163632098	0.00381712811793624	0.178954495508065	-4.34332082635887
CPS1	1.02084854533333	3.54620814891667	3.21891593239367	0.00390173278053378	0.180671872579197	-4.36456244310544
LGI1	1.1585402675	4.02562074016667	3.21837679035642	0.00390672198738318	0.180671872579197	-4.36580041288363
AC096921.2	-1.17188812825	2.16791958020833	-3.21071424540464	0.00397830277002996	0.182174941808197	-4.3833868106856
TMIGD3	-1.44834700683333	1.75249433691667	-3.20891860168311	0.00399525990694332	0.182627020072474	-4.38750578510736
LCK	1.54685353533334	2.47835004766667	3.20355514400431	0.00404632756372634	0.18305015485376	-4.39980380108481
AC018475.1	1.45803214266667	1.49359983116667	3.20353422193311	0.00404652800376805	0.18305015485376	-4.39985175897855
SPRY4-AS1	1.03052685125	0.598596758958333	3.19904901551641	0.00408972041011184	0.184021363505114	-4.41013013961488
AC115223.1	1.24295182175	2.95802806395833	3.1949571969042	0.00412951366084854	0.18505438122007	-4.41950236201785
NRAV	1.055839578	4.40090379083333	3.19327658895313	0.00414596607652342	0.185379345162546	-4.42335046514795
GALNT6	1.10457956458334	2.43301217354167	3.18998582296197	0.00417836519510649	0.185873489657956	-4.43088317477226
HLA-DQA2	1.36743349183333	0.967591192583333	3.18773505288185	0.00420066606032001	0.1863929118339	-4.43603361656843
AC130324.3	-1.08522893008333	1.075836091625	-3.18558982259523	0.00422202842062597	0.186786203901647	-4.44094128507505
CREBZF	-1.0850638125	5.00570705908333	-3.18239174272347	0.0042540704453394	0.187338924600956	-4.4482552699008
ASPN	1.02979927816667	8.598260482	3.17583830327872	0.00432046703229377	0.188672322743835	-4.46323430423272
MT1L	1.07819180266667	2.39997280183333	3.17269834363131	0.00435263390290884	0.189222112392348	-4.47040710450634
KCNE1	-1.14536414383333	1.461288549	-3.16778754689778	0.00440340678349826	0.190999827670467	-4.48161974978829
HRAT92	1.44614121741667	3.23856664879167	3.16265465122758	0.00445708798974015	0.192464559783321	-4.49333245486777
RBPMS-AS1	-1.0170735545	2.29573785583333	-3.16103800962263	0.00447412589807924	0.19274807074735	-4.49701995614236
ACE	1.14475887241667	3.45341450570833	3.15773026322932	0.00450918291482242	0.193561099022425	-4.50456256414861
SMIM10L2A	1.15113680483333	0.7730820925	3.15495648722659	0.00453878522187307	0.194025534787227	-4.51088523927246
TMEM61	-1.474354961	2.937815753	-3.14791227649465	0.00461480909476932	0.195633496953916	-4.52693256282393
KIF6	1.15186193416667	2.65331135358333	3.14669602406789	0.0046280593314757	0.196051895405603	-4.52970189502413
LGR5	1.39812158616667	6.20657079825	3.13960845506451	0.00470600777689602	0.198022778918142	-4.54583163725863
GRIA1	1.20917288058334	7.30354706979167	3.13798731234246	0.00472401434934161	0.198377816192157	-4.54951902300509
CYTL1	1.08160199858334	9.15629802429167	3.13304419780291	0.00477933088188437	0.199976721380318	-4.56075786894812
SLC35E2	1.32597468541667	4.329090831875	3.13262768099037	0.00478402043200484	0.200028620701699	-4.56170456223993
PLEKHS1	1.11656197425	0.558280987125	3.13171155525344	0.00479435070250462	0.200084284132195	-4.56378663498203
ALOX15B	-1.61677551708333	1.26604218329167	-3.13060269163164	0.00480688310637301	0.200406593808692	-4.56630642458383
AC133552.6	1.016216915	1.78642929108333	3.12931058948343	0.00482152637962138	0.200584490196114	-4.56924216801361
MX2	1.21886747591667	4.29084173195833	3.12867092301366	0.00482879158871803	0.200728089993238	-4.57069535857518
PCDHB8	1.35818265491667	3.78482432804167	3.12809323994242	0.00483536188368516	0.200728089993238	-4.57200763600102
MYL5	1.08771888716667	4.34323820241667	3.12643267453934	0.00485429646779947	0.201226029347459	-4.57577928556284
AC098679.1	1.08359797041667	6.058589438125	3.12586193266479	0.0048608208602158	0.201352560104639	-4.57707543342151
CNTN1	1.05652040625001	8.30821594154167	3.11790547985542	0.00495266060449339	0.203701876905238	-4.5951347855528
CERNA1	1.1028057645	2.27729253125	3.11717027356365	0.00496123096195328	0.203909757035122	-4.59680262599879
CCDC141	1.143158459	3.14827457366667	3.11285409056193	0.00501183438426625	0.2046840221456	-4.60659091045159
SLC1A7	1.3584083825	3.48991586091667	3.11074543853225	0.00503673717161665	0.205345286215432	-4.61137098848893
PPP1R1C	1.045360043	0.73809356325	3.10795840753709	0.00506983468788108	0.206037086933628	-4.61768691164462
CCDC190	1.23999907608334	4.30682502795833	3.10487218878332	0.00510672998642762	0.207316142198033	-4.62467823383463
LSMEM2	1.13381683416667	1.23778125533333	3.10088446994879	0.00515478619053002	0.208612362559252	-4.63370767472262
HBA1	2.40169460808333	2.70157566929167	3.09748948758312	0.00519604268679948	0.209774652289338	-4.64139133722128
EPHB1	1.15565482191667	2.61692182929167	3.09266386807617	0.00525523280170013	0.211144270187754	-4.65230709768123
IL6R	-1.03987791725	4.07617498029167	-3.09219327887079	0.00526103961549334	0.211144270187754	-4.65337122689816
FABP3	1.03233431391667	6.07770662820833	3.08805761292523	0.00531233815895442	0.212761344511218	-4.66272029437759
ITGA4	1.37816501566667	3.30033568191667	3.08649861664019	0.0053318006822521	0.213009032850632	-4.66624325187406
SEPT7-AS1	1.10948789966667	1.80285061008333	3.08638557016389	0.00533321462416357	0.213009032850632	-4.66649868200803
HP	-2.14388002641666	2.018871526125	-3.08129115275513	0.0053973100021045	0.214713020768275	-4.67800568525974
RPGR	-1.01154182066667	3.8113674375	-3.08064699525707	0.00540546712566175	0.214727214977097	-4.67946012930774
UNC5B-AS1	1.08364601133333	1.13931675583333	3.08025080375168	0.00541049009275585	0.214764238158241	-4.68035462972333
FRMD7	1.2793437785	3.23876290533333	3.076722423404	0.00545542212504979	0.216099529494416	-4.68831877336468
GALNT5	1.21964258	5.422165103	3.07360989671708	0.00549535667292919	0.216715795796113	-4.69534120171256
SNAP25	1.10727961383334	4.53420781033333	3.07348038782153	0.00549702439287643	0.216715795796113	-4.69563333505669
TMEM189-UBE2V1	-1.78320861883333	0.891604309416667	-3.07121740658625	0.00552624418207769	0.217129728218992	-4.70073713862662
DAPK2	1.0841024435	3.8647565135	3.06863564375728	0.00555976276388436	0.217534911411864	-4.70655804125145
MRGPRF-AS1	1.14711818083333	2.10035707641667	3.06798015420047	0.00556830398099571	0.217534911411864	-4.70803560664353
PLXNA4	-1.15823816991667	7.57040968995833	-3.06782587401412	0.00557031613206108	0.217534911411864	-4.70838335716105
AP000802.1	1.102401558	0.82802812025	3.06474903324215	0.00561059136622278	0.217933707368625	-4.71531712907984
AC105383.1	1.21708318633334	3.38680274016667	3.05715440395168	0.00571120703946296	0.219927679107017	-4.73241974433993
AC139677.2	2.49377540566667	3.19604519808333	3.05206842305633	0.00577955588163259	0.221495150725075	-4.74386332783461
SLAMF8	1.34125016816667	4.03526561466667	3.05185174952498	0.00578248509643859	0.221495150725075	-4.74435067491442
NUTM2A	1.59177373975	1.423413932125	3.04902189453519	0.0058208733625365	0.222231671437511	-4.75071434289784
GJA1P1	1.21087406958333	1.15469728279167	3.04428489788392	0.00588568213836814	0.223382437336638	-4.76136127163541
SYT12	1.74647591541667	3.387311205125	3.0429724034743	0.00590376134050396	0.223629543709893	-4.76431004006686
THNSL1	1.09485503433333	3.29317029083333	3.03333657570956	0.00603813668017424	0.226015717929743	-4.78594262171316
MAFF	-1.13638336483333	6.03416046983333	-3.03265968795025	0.00604768586956085	0.226015717929743	-4.78746117373601
HLA-DRB3	1.65528866566667	4.18958570608333	3.03096168219259	0.00607170439914282	0.226515987245648	-4.79126991405085
AP000350.14	1.28062669166667	2.17168839833333	3.03026985910025	0.00608151659927016	0.226515987245648	-4.79282146460235
AP000350.6	1.28062669166667	2.17168839833333	3.03026985910025	0.00608151659927016	0.226515987245648	-4.79282146460235
CDH17	1.102401558	0.933280987416667	3.0268950495584	0.00612960078984691	0.227721933763992	-4.80038802571203
HNRNPA1P16	1.00882000066667	1.17290461541667	3.02090367908326	0.00621586710528025	0.229104846569247	-4.8138124125446
EPHX3	1.00087853133333	2.693846104	3.01042790861431	0.00636951167104899	0.232904848889751	-4.83725777881133
ACOT1	-1.07233001416666	5.03487879825	-3.00965175320073	0.00638103925970456	0.233179338240735	-4.83899349216198
CTNNA3	1.28397096991667	2.94893982995833	3.0037611778155	0.0064691822998209	0.234906232528593	-4.85216038965714
PLEK	1.2452285595	4.57907392533333	3.00308794203996	0.00647933030688274	0.234906232528593	-4.8536645425533
TMCC1-AS1	1.01104028541667	1.17623555579167	3.0027119335693	0.00648500471226317	0.234906232528593	-4.85450456373159
PDPN	-1.16352981916666	5.98428182066667	-3.00166818635672	0.00650078108155794	0.235183903470237	-4.85683611165953
SLC9A3R1	-1.46006857558333	4.204190821875	-2.99257403539775	0.0066398077475217	0.237236089692281	-4.87713624515352
ZNF469	1.29916853275	3.518466722125	2.98346095845628	0.00678198279466566	0.239092722316745	-4.89745220519871
HTR7	1.24096115941667	1.900706493125	2.9784660013791	0.00686114418290084	0.240736805882396	-4.90857626724367
LPAR5	1.07709519141667	2.71832953979167	2.97446810832723	0.0069251413737747	0.24193356848754	-4.91747401886212
CCL5	1.04744983775	2.142150877625	2.97393834646679	0.00693366447345413	0.242085492961484	-4.91865267494794
CYP1A1	-1.25671397816667	0.79502365575	-2.96824462385745	0.00702590522628933	0.24355436765352	-4.93131478123237
OLFM4	-1.2793062865	1.15381356008333	-2.96694079204469	0.0070471927368097	0.243992745304958	-4.93421285490051
LRRC29	1.14026425691667	4.24974723929167	2.9641980766683	0.00709217465232796	0.244673696973501	-4.94030738085398
SCN9A	1.06593352466667	2.55867073641667	2.96052411775659	0.00715286063259676	0.246146711474851	-4.94846735833095
WBP1LP2	1.06915187691667	2.49039512379167	2.9583536620767	0.00718894534301099	0.246549095563251	-4.95328593508842
MCF2L2	1.15110288716667	1.8417606635	2.95487789439375	0.00724709482729417	0.247191652241943	-4.96099918839001
LINC01232	1.155098271	1.58981621266667	2.95468056967364	0.00725040954017803	0.247191652241943	-4.96143696279687
CXCL12	1.01303327050001	8.76523921858333	2.95322499280983	0.00727490559915373	0.247590141086692	-4.96466583488529
CILP2	1.0409877585	0.846068095583333	2.94722330111862	0.00737674826994645	0.249062888818452	-4.97797187682915
TACSTD2	-1.26524964316667	3.3299540145	-2.94607197816333	0.007396440466277	0.249380726260571	-4.98052305638666
MPZL2	-1.38183243183333	3.808590969	-2.94296820577334	0.00744977828673915	0.249864233715469	-4.98739841993646
PMS2P5	1.17599824816667	1.6872806695	2.94295436525766	0.00745001695615866	0.249864233715469	-4.98742907179233
SLITRK5	1.10762204291667	1.83213185504167	2.94223895707223	0.00746236360931822	0.249864233715469	-4.98901336180702
AC108488.1	1.16117442075	3.58430774170833	2.93554305068829	0.00757887607948038	0.252889390378197	-5.00383337189194
JAKMIP2	1.50742267358333	3.56827527945833	2.92952431165	0.00768508904893724	0.255033035235654	-5.01714184539395
AL008733.1	1.01717488483333	1.35608119258333	2.92804502130108	0.00771141129235719	0.255033035235654	-5.02041095492264
AC007325.2	-2.076910892	1.72005250133333	-2.92768226074794	0.0077178793447239	0.255033035235654	-5.02121251365626
AC006213.1	1.32859217758333	1.51539576029167	2.92598018775924	0.00774829679658623	0.25560123784097	-5.02497283794201
MLXIPL	-1.12432109133333	0.944240754083333	-2.92273292893674	0.00780664625397833	0.256650133904175	-5.03214417830403
SLITRK1	1.97707587225	2.086863693625	2.90864664468041	0.00806465898310086	0.260655444423304	-5.06321145467971
SCN4B	1.07214904108333	2.66436804945833	2.90769165733533	0.00808244290966974	0.260655444423304	-5.0653152372022
RAB11FIP4	1.24247546725	1.58475793570833	2.90751221416819	0.00808578870755994	0.260655444423304	-5.06571050551418
HLA-DRB4	2.23327968041667	3.06313810354167	2.90680430614569	0.00809900087902856	0.260791425862023	-5.06726974220969
AC022706.1	1.26906822466667	1.6468011895	2.8947450698528	0.00832726316393187	0.265350703304467	-5.09380502264891
AL008721.2	1.34807935566667	2.92184405516667	2.8940140954094	0.00834129501178358	0.265643449543309	-5.09541186020516
TREM2	1.65769908225	2.91330400254167	2.89255193523379	0.00836943052497937	0.266247056738963	-5.09862544654315
SAA2	-1.60213728083333	1.84490636666667	-2.88955498655612	0.00842738248694714	0.267065132549467	-5.10520993556076
KIAA1456	-1.3679965075	3.121226637	-2.88394182228246	0.00853695610983381	0.269360008529702	-5.11753404684042
RIN1	-1.02665833183333	3.13629870191667	-2.88305860449347	0.00855432055666936	0.26947966432465	-5.11947221949834
AC016251.2	1.00640129975	1.030027991125	2.88140449959342	0.0085869316734279	0.269629914540214	-5.12310133096136
AC114491.1	1.30136545141667	1.72479796145833	2.88034151404986	0.00860795127989237	0.26969255460551	-5.12543302155726
FER1L4	-1.11776800416666	3.32860280791667	-2.87992480011768	0.00861620481769183	0.269805381205401	-5.12634698854023
GCKR	-1.21135393466666	1.23775717575	-2.87915338626337	0.00863150355531271	0.270138578350378	-5.12803874903906
AC073476.3	1.00075176441667	1.59677513045833	2.8771553753371	0.00867124882008852	0.271089882923662	-5.13241955026323
NR0B1	1.14285379325	1.349747730125	2.87464436761032	0.00872144640583128	0.271841714875791	-5.13792315924425
AL591845.1	1.0329076145	2.09504249125	2.87143711243517	0.00878596581309043	0.272764729870746	-5.14494958570982
AVPR2	1.13885200091667	2.143106876875	2.8676687741588	0.00886235388950229	0.274747598628477	-5.15320061186959
TM4SF18	1.05878670033333	2.87363594316667	2.86145026544882	0.00898979564413607	0.276575712886145	-5.16680550463132
AC068282.1	1.60221943891667	2.417671693875	2.86021700059921	0.00901527679378053	0.277167400179808	-5.16950202508696
SHC4	1.04529662075001	6.708262442125	2.85984722028518	0.00902293042669583	0.277167400179808	-5.17031044082683
TRAC	1.49404705325	2.027550377875	2.85555923665976	0.00911213555788352	0.279239806928134	-5.17968131158456
SYK	1.01290198416667	5.00426293266667	2.85456153280351	0.00913301147213634	0.279499068234091	-5.18186073623782
GNLY	1.27120006508333	2.51442908429167	2.85032015660935	0.00922226745735777	0.281272802188939	-5.19112181312521
LCN6	-1.49271954633333	2.346867991	-2.84973617615629	0.00923462168481954	0.281272802188939	-5.19239643631192
INSC	1.33467730633333	2.05498235591667	2.84740284144946	0.00928414134497157	0.281600103831286	-5.19748806612725
KRT86	1.03201986133334	3.68724135041667	2.845447034393	0.00932584355967116	0.28212501072301	-5.2017543824517
COLEC10	1.04874687483333	1.13602760441667	2.84272075948193	0.00938427156609344	0.283006791956556	-5.2076990777436
SLC5A2	1.50308250725	3.148836110125	2.83995573422463	0.0094438859174133	0.28388020352623	-5.21372554254257
USP2	-1.26055074033333	1.94958396175	-2.83953658914837	0.00945295415203618	0.28388020352623	-5.21463884320814
TACR1	-1.41312998108333	3.76026660804167	-2.83435345027282	0.00956577887273606	0.285805365361454	-5.22592746613951
ANOS1	1.00761626308334	5.38933653854167	2.83163395955605	0.00962548718305729	0.286501518705672	-5.23184650241629
SENP3-EIF4A1	1.54493105775	1.18952528795833	2.82800308807748	0.00970575842449907	0.287688896555088	-5.23974500391589
BCL3	-1.02122648008333	3.86324030545833	-2.8247914163372	0.00977729239268042	0.288271978900576	-5.24672759883641
CRHBP	1.51522311233333	1.7557182165	2.81551781615414	0.0099866691834115	0.291195195708911	-5.26686850817757
MCEMP1	-1.45659309241666	0.943710087958333	-2.81321208364839	0.0100393852070964	0.291387030103629	-5.27187133681693
LINC00473	-1.086632996	1.00873003975	-2.81308532680194	0.0100422909087799	0.291387030103629	-5.27214630898742
PAMR1	1.26965134883334	3.52368388358333	2.81249932388233	0.0100557344982793	0.291387030103629	-5.27341744165306
AC090409.1	1.1385212585	1.7608612975	2.81213439634466	0.0100641150017687	0.291387030103629	-5.27420896321114
AC270306.4	2.10819849575	1.054099247875	2.80817555719533	0.0101554567298822	0.293299503055806	-5.2827924678266
ADAMTS5	-1.30608879491666	3.53581493779167	-2.80394770953299	0.0102538748552702	0.29511313373781	-5.29195285096503
LRRC37A17P	1.41524584633333	2.616432996	2.80171079738807	0.0103063127599021	0.296008071516171	-5.29679684494997
AC026362.1	1.36182716816667	3.47449081475	2.79681237999923	0.0104220328795012	0.297736429941336	-5.30739780119649
SLC9A7P1	1.19644618733333	3.59865856358333	2.79521153357585	0.0104601180060874	0.298090232691415	-5.31086035470837
DERL3	1.05995266416667	2.085417544	2.79102958533144	0.0105602336006492	0.29955902557633	-5.31990120080385
HCCAT5	1.03708851141667	2.535568494625	2.7901189973473	0.0105821532973175	0.29955902557633	-5.32186891199484
AC009090.4	1.15959706408333	1.513711509375	2.78617103271202	0.0106776892938046	0.300597686997868	-5.33039657428712
CHN2	1.05361516475	5.41004633870833	2.78181745581901	0.0107839894180308	0.302065305486392	-5.33979358854509
CD14	1.19895360691667	7.306493435125	2.77992723105599	0.0108304544631934	0.302840185961416	-5.34387134132125
HLA-DRB6	1.08701217358333	0.763669597708333	2.77575241196526	0.0109337526956339	0.304261573933731	-5.3528728420567
AL356056.2	1.02144898675	1.57363178529167	2.76296519295456	0.0112559935783317	0.310546544047665	-5.3804028234359
CNTFR	-1.05271931258333	1.821046924375	-2.75862601695676	0.0113673726458083	0.312803746065766	-5.38973061625069
DRD1	1.15376377958333	2.38693787204167	2.75721067769623	0.0114039272302444	0.313224532922297	-5.39277156975559
CR788250.1	2.50742969775	2.48645648045833	2.74949512975549	0.0116051661838391	0.317012907442006	-5.4093354352771
NKG7	1.3882041275	2.33289624991667	2.74693326081003	0.0116727259918342	0.318258767486808	-5.41483023079435
FCGR1B	1.51607595425	2.820928103625	2.74664844458526	0.0116802599252515	0.318270335015538	-5.41544095920113
NCF1	1.5632782635	2.7859915345	2.74234836610015	0.0117945661465835	0.319738726859615	-5.42465776108258
DES	-1.27361341	8.61752740016667	-2.73683720487595	0.0119426144029815	0.322433909251445	-5.43645992416977
CALML3-AS1	1.22482930958334	2.07006907954167	2.72862698776877	0.0121664330366526	0.324699334557257	-5.4540201948471
ZNF697	-1.05762712016667	1.31150667866667	-2.72831188068618	0.0121751017330062	0.324711707794237	-5.45469363113587
PI16	1.52775031958334	6.33052170470833	2.7250251501647	0.0122658696321032	0.326001181289899	-5.4617156026605
AC090114.3	-1.42652118458333	1.749140087125	-2.72374951412108	0.0123012702669655	0.326179426085391	-5.46443980801377
AC139677.1	2.04627690091667	1.26131016629167	2.7167970463364	0.0124959147394431	0.328349370886613	-5.47927601438085
SERPINF2	-1.12562718816667	1.30316113725	-2.71590621061978	0.0125210643525588	0.328716199636915	-5.48117563460734
LINC00891	1.06894594216667	3.486174449	2.71167461694399	0.0126411831497941	0.330225285768473	-5.49019481046964
COL5A3	-1.00031267791666	1.50655763879167	-2.70802000919113	0.0127457989064758	0.331613780162965	-5.49797849521667
EIF4BP6	1.084218974	3.59638247491667	2.70756901768184	0.0127587654039617	0.331686357696995	-5.49893866189058
TMEFF2	1.34709390266667	1.49912116766667	2.70367099739221	0.0128713581197298	0.333183258716087	-5.50723422532064
SULT1C4	1.00563582741667	3.44523262295833	2.69503357502351	0.0131241982227598	0.334996314935082	-5.52559433605158
TMEM59L	-1.13569097908333	2.50998168020833	-2.69428771570388	0.0131462500033524	0.335094648777064	-5.52717836893189
NINJ2	1.21482305758333	3.092871147375	2.69412168941428	0.0131511634269067	0.335094648777064	-5.52753094004329
OR2A42	1.04669684133333	0.998074669083333	2.69331532869804	0.0131750517275537	0.335144479588411	-5.52924315904804
ZCCHC12	1.03079977883333	0.897480097833333	2.69189939748238	0.0132170975656229	0.335595069668637	-5.53224910265316
TPPP3	1.3872659875	4.38197293825	2.6905449102249	0.0132574373070065	0.33617777076748	-5.5351238499743
HPSE2	1.35088470325	6.09155031670833	2.67801754665614	0.013636075763438	0.342040199718451	-5.56167669537778
MNS1	1.11920639891667	1.789359652625	2.66912524435708	0.0139110075118314	0.346092260246092	-5.58048607859309
GP1BB	-1.46991237233333	1.50968114491667	-2.6670221721064	0.0139767897337732	0.347387895749017	-5.58492987174034
KRT16	1.33101614291667	3.91531536395833	2.66701814086901	0.0139769161082531	0.347387895749017	-5.58493838801074
HS6ST3	-1.47649980433333	1.68323740233333	-2.66611611800403	0.0140052205346104	0.347690391465608	-5.58684380703168
EIF3LP2	1.21143546583333	2.09592097358333	2.66270361187224	0.014112790311803	0.348200050244815	-5.59404931559588
ZNF821	1.11648751266667	3.63912002541667	2.66121460263351	0.0141599706466055	0.348548038076653	-5.59719186225548
RHPN2	-1.05623609725	2.436906040625	-2.65695191356971	0.0142958596777897	0.349519304508456	-5.60618320611237
SLCO2A1	-1.12383857049999	6.45381057308333	-2.65475217951529	0.0143664637679632	0.350504505772625	-5.61082020493569
CLEC3A	1.84950214833333	2.05984575033333	2.64982145790931	0.0145259177221007	0.353139012476828	-5.62120681406022
DBP	1.134274751	3.0555832565	2.64815877186488	0.0145800615997492	0.353783059562451	-5.62470700826748
COMTD1	-1.04563437491666	4.61006169295833	-2.63675969735146	0.0149564070386234	0.358180336840289	-5.64867276108943
SLC7A2	-1.04881948341666	6.16057725029167	-2.63417399317433	0.0150430371626475	0.359274222169649	-5.65410147921776
FTH1P11	1.12638349575	1.432194355875	2.63300111458636	0.0150824880243234	0.359449315829589	-5.65656302955722
AC083873.1	1.29651116933334	3.20627757341667	2.63239618909886	0.0151028732539972	0.359696479925693	-5.65783237680747
ITGB2	1.0746251085	6.929162847	2.62717780008747	0.0152798048931102	0.361814186646458	-5.66877602081049
DIO3OS	-1.34972822666666	2.02046452375	-2.62646592169493	0.015304091870463	0.361814186646458	-5.67026803538634
ACTBP2	1.09139909175	3.56490130345833	2.61972812761224	0.0155357666578658	0.364655151551417	-5.68437908734064
TSSK3	1.040347467	1.94834781933333	2.61946036307454	0.0155450412875606	0.364655151551417	-5.68493947395586
FOS	1.95166274808334	10.3070333822083	2.61416671541551	0.0157294697568925	0.36693448898289	-5.6960119611846
AC139677.4	1.24346310766667	0.621731553833333	2.61343433670648	0.0157551467180224	0.367040830300555	-5.69754290888837
NEK11	1.05424870225	3.55539776554167	2.60765202158564	0.0159592589471788	0.369471179290914	-5.70962211488235
SOCS2-AS1	-1.16153315975	2.25674209995833	-2.60377947685873	0.0160973422324369	0.371038620065863	-5.71770385447699
NDNF	1.20343113225	2.114518165625	2.60215590213706	0.0161555668660161	0.372232733119138	-5.7210902376377
FCGR1A	1.32718509758334	4.10920044770833	2.59502307654168	0.0164137124908912	0.374166835096011	-5.73595419008498
LRRC37A	1.98146387675	1.61832196095833	2.58969776511837	0.0166089584118137	0.376987602808732	-5.7470372284849
TYROBP	1.04293630166667	6.66965374425	2.58099974953819	0.0169325484677355	0.380903523386107	-5.76511317239205
AC004754.1	1.47591455283333	1.9626751545	2.5777425935251	0.0170552364792605	0.381638850955319	-5.7718736413622
AC092299.1	1.08462858491667	1.70273373229167	2.56755523473241	0.0174443610270024	0.385414566591198	-5.79298838549901
CABP1	-1.00335747616666	1.4861605045	-2.56465626584193	0.0175566019576189	0.386251903387023	-5.7989886034273
DSPP	1.1149690455	2.24201111625	2.56222754516158	0.0176511558932514	0.387303626075418	-5.80401266970176
RNASEK-C17orf49	1.22071801858334	2.995439000125	2.5587659380927	0.0177867453864761	0.38854100451012	-5.81116888218894
CBSL	-2.40793749216666	5.37518223475	-2.55678274197025	0.017864864549983	0.389634106749592	-5.81526638055253
AP000560.1	1.00888024541667	1.23401408129167	2.55034415251526	0.018120701367444	0.392691530957686	-5.82855721405065
AC092069.1	1.02150996483333	3.44838009691667	2.55003212074462	0.018133186523033	0.392691530957686	-5.8292008577124
ACTA1	-1.30097083258333	1.69581715904167	-2.54975483275448	0.0181442882421809	0.392774060481075	-5.82977279736209
PRKY	1.37015131958334	4.257407785875	2.5491101756983	0.0181701227961795	0.393039884863423	-5.83110234772225
FLVCR1-AS1	1.076693774	2.247494804	2.54725583532825	0.0182446270766155	0.394037381080573	-5.83492573773309
CSRNP3	1.13283307425	3.87293913304167	2.54498739310667	0.0183361575276854	0.394748725871441	-5.83960086813908
CU633904.1	1.64851259558333	3.576411594625	2.5427333347765	0.0184275324557785	0.395509951779409	-5.84424408414913
BCLAF1P2	1.10182914225	0.861590940125	2.54176033412522	0.0184671072251742	0.396066179478375	-5.84624770319598
UBE2F-SCLY	-1.1385380495	0.56926902475	-2.54145876488745	0.0184793890327999	0.396092091985791	-5.84686861379589
DUSP4	1.03391253766667	3.254052655	2.54020807951379	0.0185304063434351	0.396690238122861	-5.84944325669027
AC006453.2	1.16917023266667	4.21677547808333	2.53583005980267	0.0187100303878799	0.39847623660827	-5.85845027595306
SCG5	1.12034305341667	2.03216342629167	2.53554708081361	0.018721696387749	0.398578318140502	-5.85903216108251
TNFSF13B	1.06839078475	2.61766440079167	2.5352965221569	0.0187320315067308	0.398652001163244	-5.85954735084723
CTRB2	1.01209260683333	0.79623203225	2.53437563354942	0.0187700623868759	0.398702242999405	-5.8614406072921
GAPDHP25	1.17521810283333	1.05014819816667	2.5342927393903	0.0187734892864111	0.398702242999405	-5.86161101087566
CXCL8	1.13598194633333	1.64167184983333	2.53396711158189	0.0187869566113972	0.398702242999405	-5.86228036650504
MMP13	1.10848183016667	0.554240915083333	2.53373840159369	0.0187964209981895	0.398702242999405	-5.86275047087776
NLGN4Y	1.76685770766667	5.90632862683333	2.5266740503519	0.0190909566158801	0.402012290132437	-5.87725938893176
S100A9	-1.48934590508333	5.197194399125	-2.52540181915401	0.0191444556070843	0.402918710667379	-5.87986993705653
ZWINT	1.04264116508334	2.57457541779167	2.51902117101098	0.0194148865919976	0.405725048169222	-5.89295164422523
SCN2A	1.07572217766667	4.3831242305	2.51814304140782	0.0194523820592782	0.406125303821114	-5.89475055702944
MT2A	-1.05499246724999	7.49465557195833	-2.51340307439503	0.0196559437401511	0.408861960302218	-5.90445468370526
AL627309.1	1.09739770275	1.475827689625	2.51011453115942	0.0197983378683059	0.410789470917528	-5.9111813097379
LY75	1.067649223	4.77998941875	2.50995486539153	0.0198052758209682	0.410789470917528	-5.91150777632721
RPL5P30	1.00703861108333	1.896098428625	2.50465771805749	0.0200367412923048	0.413961787589823	-5.92233218987037
DNAJC27-AS1	1.01130910758333	1.842002354875	2.49821339388615	0.020321731862811	0.415996539329333	-5.93548347823622
ZNF285	1.0080400765	3.34371478083333	2.4943545181654	0.0204941871643264	0.417293221832074	-5.94334936977984
CD28	1.19156232483334	2.74893799341667	2.48711063969294	0.0208216048429723	0.420895572680545	-5.95809667626485
AL163636.2	1.27562259308334	5.71581387495833	2.48651715268191	0.0208486446035192	0.421280643376965	-5.95930384011024
LAT2	1.18925329208334	4.22437455629167	2.4829423872558	0.0210122061146792	0.423520768516369	-5.96657152871612
SLC14A1	1.43351594616667	7.40481588958333	2.48277301949176	0.0210199849846131	0.423520768516369	-5.966915715351
ELOA-AS1	1.18988272608333	2.33709999054167	2.48109153312294	0.021097359186972	0.424076153919027	-5.97033208421308
PLXDC1	1.10990847441667	3.13758544070833	2.47777769529652	0.0212506226013977	0.425401227657182	-5.97706114414947
KCNJ3	1.04486524675	3.251234370125	2.4732698634791	0.021460769918781	0.427879848384532	-5.98620650895818
MESTP1	-1.06081228683333	1.76865152225	-2.47028507758856	0.0216009766566656	0.428715071611913	-5.99225673896892
FOSB	2.30312507816667	6.10406319141667	2.45827184706846	0.0221739337182015	0.435024674600696	-6.01656559109425
GAPDHP35	2.27080906133333	2.64755575041667	2.45564999515077	0.0223008415311495	0.435372726008061	-6.02186189499567
ENPEP	-1.14316647066667	2.7146716135	-2.45298654573188	0.0224304528701002	0.435699411128654	-6.02723890284127
COL8A1	1.13271927583334	11.66362160375	2.45236768304355	0.0224606684843243	0.435785061027574	-6.02848779074959
NBPF25P	1.60036210825	2.16556510345833	2.4515067760815	0.022502764592412	0.436309871951772	-6.03022483138789
IGFBPL1	1.03706733116667	2.72656479166667	2.44513536214886	0.0228165931080581	0.440773712230384	-6.04306942123287
POC1B-GALNT4	1.25753525333333	0.9936950265	2.44180645498278	0.022982170689004	0.44264530879024	-6.04977272818152
MYCBPAP	1.08973463366667	1.49422710191667	2.43540416779225	0.0233037519536535	0.445289781564489	-6.06264993561296
FAM26F	1.30907854133333	2.11565008166667	2.43068692951898	0.0235433574961548	0.447163196002832	-6.07212537862937
FPR3	1.10272083775	3.54847975404167	2.42252307954358	0.0239634284046379	0.451351446401483	-6.08849871265991
C4BPB	1.23950973841667	1.300581952625	2.4152461582813	0.0243437005993556	0.454820950018824	-6.10306612081324
CCL13	1.0249340015	1.06121387583333	2.41411561260072	0.0244032785531407	0.45534886446938	-6.10532701825557
CLEC10A	1.19237914516667	3.1192302345	2.40568660785371	0.0248517432176217	0.459528046687955	-6.12216400169763
PLIN4	-1.09293150391666	5.185538273375	-2.40359887402977	0.0249639923064089	0.460476083277854	-6.12632891303114
SNHG28	1.13152262158334	3.05759765420833	2.39499081427002	0.025431780203259	0.464232052038904	-6.14347898833004
RSPO3	-1.02994071816666	1.75094561775	-2.39173380673472	0.0256108776099048	0.466473500386687	-6.14995853477258
CACYBPP2	1.07973780116667	2.48971475758333	2.39122918845671	0.0256387297094374	0.466687649729882	-6.15096196415392
GPM6A	1.11118361958334	3.26625235304167	2.38996398659208	0.0257086847793989	0.466950470108621	-6.15347725658174
SCGN	-1.44198404525	1.80385480945833	-2.38773760378249	0.025832213183181	0.468298699322355	-6.15790151528183
MUC1	-1.05136076341666	3.858665358125	-2.38712236911259	0.0258664453052449	0.468626292592024	-6.15912367591391
LAMC2	1.26624602725	4.057138046375	2.38379846509075	0.0260521151637739	0.470901124468691	-6.16572336158419
SLC10A4	1.17765474666667	1.76189533983333	2.38241785428935	0.0261295955798353	0.471332390812252	-6.16846298948591
SIGLEC15	1.02304066175	2.37032318820833	2.37886714759575	0.0263298402502297	0.47288523556258	-6.17550453127879
TRAM1L1	1.06579835241667	2.65834139529167	2.37657727034643	0.0264597293864831	0.474251763873711	-6.18004235714278
RARRES1	-1.25676406066666	2.00270312175	-2.37143739327735	0.0267534343023673	0.474558609581986	-6.19021850504877
SRGAP3	1.14262960391667	2.68320355345833	2.36929888532058	0.0268765168643723	0.474558609581986	-6.19444853746472
S100A8	-1.67828517175	3.68345473345833	-2.36609954794359	0.0270616305942704	0.474558609581986	-6.20077265913997
BDNF	1.63264191441667	4.39617648220833	2.35693150947687	0.0275986195451484	0.478197413588823	-6.21886670788334
EDN2	-1.34221357816667	0.969853664166667	-2.34386155511234	0.0283811256059478	0.48451769716389	-6.24458842647607
NGFR	-1.11985409216666	2.900782807	-2.34145678224797	0.0285273049261927	0.485726363647883	-6.24931161436966
CU633967.1	1.323331144	3.76512817025	2.34000534273339	0.0286158685326214	0.486553707938841	-6.25216094988715
AC141586.3	1.18278204158333	0.735656290958333	2.33669921579762	0.028818545505602	0.488819511408709	-6.25864724215386
PTCHD1	1.06766233633334	1.642098503	2.32994000186559	0.0292370205689226	0.492603873867963	-6.27189081075459
AC145138.1	1.44696414158333	0.723482070791667	2.32579480721667	0.0294964110280631	0.495247644687453	-6.28000108630399
RPS15AP11	1.14459957433333	1.27895945691667	2.32549579981337	0.0295152032489009	0.495392028605007	-6.28058576848553
ADAMTS4	-1.2310173725	5.56985005883333	-2.32453198363967	0.0295758526808165	0.495625484219561	-6.28247011252483
NACA3P	1.03846369433334	3.0436153205	2.32262505235224	0.0296961861913543	0.496564004787677	-6.28619692352171
TMEM176B	1.51653109691667	5.15271894945833	2.31885365271281	0.0299354980740819	0.498435067416088	-6.29356205547006
FOSL1	-1.06245930216666	3.75143447533333	-2.31503600235844	0.0301795461509507	0.501038697818135	-6.30101005125782
ASF1B	1.03909441875	1.59760037095833	2.31232302073505	0.0303540848990785	0.50214585551154	-6.30629833701225
AC233702.10	1.05882271416667	2.5724789075	2.31191564346654	0.0303803731821501	0.50214585551154	-6.30709208970377
PYCR1	1.12421714241667	4.55655246545833	2.3078566326465	0.0306434461870041	0.503682775965098	-6.31499616354291
GAPDHP70	1.4258772655	1.74985321116667	2.29986574596463	0.031167464443272	0.507919759678745	-6.33053176770161
KIAA1211	1.06442826758333	1.70528210020833	2.2949550416915	0.0314935535661886	0.509884324948066	-6.34006249924569
C5orf46	1.08377037766667	6.67587859458333	2.29374301769134	0.031574515789081	0.510101479999368	-6.34241286762956
GALNT3	1.21083392291667	2.08685490445833	2.29370088417074	0.0315773336988556	0.510101479999368	-6.34249455954165
CSPG4P10	1.015227085	4.14963369091667	2.29191783729034	0.0316967959893607	0.511034831751737	-6.3459508255473
GPR68	1.00212732975	1.596664075375	2.29162877959306	0.031716201484786	0.511205578851361	-6.34651097959058
TNFRSF8	-1.08703284325	1.242876206875	-2.28319546925613	0.0322871693065658	0.513342390663117	-6.36283429170448
TSPAN8	1.039225726	4.35727308	2.27713121952358	0.0327035376069515	0.513342390663117	-6.37454899214796
FCN1	1.14399329708333	2.93028966345833	2.27409107242351	0.0329141147943499	0.514775690201924	-6.38041453665576
CD33	1.09804559408333	2.825390640875	2.27296759036574	0.0329922464001136	0.515580529636698	-6.38258090362679
SPON2	1.1742679145	2.61260348133333	2.26843882120831	0.0333089174133694	0.51871215025605	-6.39130677473222
ADRA1A	-1.29364010325	1.73476025454167	-2.26191342048075	0.0337700855261942	0.52350402831344	-6.40386053488445
CD48	1.05974238625	2.557964335375	2.2609792060517	0.03383658401519	0.523834761557104	-6.40565594994447
KRT7	1.10717527208334	5.523608889375	2.25395600281899	0.0343403433184434	0.527689329641359	-6.41913854152941
FAIM2	1.10139548808333	1.987926127375	2.25353519969707	0.0343707428115482	0.527876718185941	-6.4199455288304
NPM1P39	1.08359409541667	1.102784218125	2.24904073192787	0.0346969650089972	0.530565203466999	-6.42855879096835
CDH19	-1.26900461183333	2.68189136375	-2.24206462714106	0.0352089069299283	0.535205060680655	-6.44190640699691
AL132780.3	1.17638912141667	3.85451339645833	2.24134432613802	0.0352621564607923	0.535609806084527	-6.44328309071776
ADH4	-1.05487524783333	2.1072969555	-2.23057686375452	0.0360669541601267	0.542013701116411	-6.4638291090022
FAM47E	1.10145023025	2.87487060570833	2.22931023936629	0.0361627172624031	0.542749602018257	-6.46624189972308
BNIP3P1	1.0476370445	0.858961079083333	2.22259534604444	0.036674272345477	0.547587161449246	-6.47901851926558
AL691447.3	1.199261159	0.5996305795	2.22048286228144	0.0368365617997818	0.547900161183572	-6.48303292322807
AC022400.3	1.4742415825	1.667785572	2.21420917628749	0.0373223880980884	0.550327295441759	-6.49494058772273
SRL	-1.21078905633333	2.06674846325	-2.20631846321754	0.0379416997153915	0.555364207873473	-6.50988679435235
AC008676.2	-1.11165416708333	1.43014817479167	-2.2033062428831	0.0381805682321866	0.557032878865207	-6.51558336626245
ITGAL	1.06655619091667	3.00673407729167	2.20037701337999	0.0384141640428221	0.55847395721619	-6.52111819175618
FAM19A2	1.01451800266667	4.89260168891667	2.19161452768801	0.0391207044453856	0.56445774768142	-6.53764672370932
CHIT1	1.35087870991667	0.807519563375	2.18672903104126	0.039519730839697	0.567153613112237	-6.54684366277203
MTCO1P12	-2.69725142966666	5.18416410433333	-2.18495864561065	0.0396652364638117	0.568117080327447	-6.55017313259023
AC026464.3	-1.07972817758333	0.639659997708333	-2.18075753549933	0.0400124646640402	0.570694260516892	-6.55806694447422
RPS3AP26	1.32051232133334	3.7928024085	2.17447798205722	0.0405366138652952	0.573171132832391	-6.56984772704643
TTTY15	1.33654697408334	5.10395657895833	2.16677478678426	0.0411880771971909	0.577763395863971	-6.58426914120121
SPHKAP	1.32839617075	1.96595942820833	2.16168865650414	0.0416233889254046	0.581123631310611	-6.59377275628839
ACTG1P2	1.11522060183333	1.34727642875	2.15746632994364	0.0419879241516218	0.583514422555715	-6.60165122910441
CASQ1	-1.07225049166666	4.03347916525	-2.14626506212666	0.0429690034773963	0.589749377757363	-6.62250280863277
AL136982.4	1.14615478625	3.10160759704167	2.14495356647275	0.0430852157026013	0.589990200372184	-6.62493954211715
SDHAF1	-1.11774638	5.11099163833333	-2.14279041005176	0.0432775137626989	0.590678478616191	-6.62895650236802
SPOCD1	-1.41315387266666	2.56566498833333	-2.13904721769521	0.0436121021256717	0.593151181654334	-6.63590126352164
EPSTI1	1.08905793975	2.96843678745833	2.1319336147793	0.044254392790601	0.597960158691827	-6.64907706495378
AP002387.1	1.05723539316667	3.11699451233333	2.12247446841118	0.0451216634725079	0.604452486778301	-6.66655225448062
AC011446.2	-1.59925198225	1.569906855875	-2.12237405536117	0.0451309514553488	0.604452486778301	-6.66673748485745
PTGS2	1.03334652958334	3.73904435654167	2.12195065876793	0.0451701336250656	0.604588026418438	-6.66751845389473
TOX2	-1.03016808941666	4.205200812875	-2.11849940306335	0.0454906651356121	0.606747963019676	-6.67388054689355
CXCR4	1.20209227408334	5.415703478875	2.11314527230293	0.0459919754429228	0.610649719703173	-6.68373678589227
GABRB1	1.04557453816667	1.06377502716667	2.10768013008436	0.0465087980673356	0.613833574492261	-6.69378022938578
BRINP1	1.2471486915	2.34349584733333	2.10630325048577	0.0466398260925719	0.615114394258004	-6.69630782024578
EMB	1.112820183	4.89421483458333	2.08554591159234	0.0486557373076711	0.629064151945747	-6.73427860725394
MROH7-TTC4	1.17187571116667	3.16200654183333	2.08549545603343	0.0486607312197786	0.629064151945747	-6.73437059608201
ANGPTL7	-1.16262414258333	7.770970654375	-2.08126461010812	0.0490811235370907	0.631682555989015	-6.74207878904456
